17 00 3A 00 91 15 24 00 00 12 00 88 B2 00 00 00 00 EE 3F 86 B2 00 00 00 00 F6 03
17 00 3A 00 91 15 24 00 00 B3 E8 87 B2 00 00 00 00 4D 57 86 B2 00 00 00 00 F7 03
17 00 3A 00 91 15 24 00 00 3E DB 87 B2 00 00 00 00 C2 64 86 B2 00 00 00 00 F8 03
17 00 3A 00 91 15 24 00 00 0B CD 87 B2 00 00 00 00 F5 72 86 B2 00 00 00 00 F9 03
17 00 3A 00 91 15 24 00 00 BC 1E 88 B2 00 00 00 00 44 21 86 B2 00 00 00 00 FA 03
17 00 3A 00 91 15 24 00 00 80 13 88 B2 00 00 00 00 80 2C 86 B2 00 00 00 00 FB 03
17 00 3A 00 91 15 24 00 00 B6 FF 87 B2 00 00 00 00 4A 40 86 B2 00 00 00 00 FC 03
17 00 3A 00 91 15 24 00 00 B0 EE 87 B2 00 00 00 00 50 51 86 B2 00 00 00 00 FD 03
17 00 3A 00 91 15 24 00 00 23 E3 87 B2 00 00 00 00 DD 5C 86 B2 00 00 00 00 FE 03
17 00 3A 00 91 15 24 00 00 CC D2 87 B2 00 00 00 00 34 6D 86 B2 00 00 00 00 FF 03
17 00 3A 00 91 15 24 00 00 BC C8 87 B2 00 00 00 00 44 77 86 B2 00 00 00 00 00 04
17 00 3A 00 91 15 24 00 00 C2 1D 88 B2 00 00 00 00 3E 22 86 B2 00 00 00 00 01 04
17 00 3A 00 91 15 24 00 00 93 15 88 B2 00 00 00 00 6D 2A 86 B2 00 00 00 00 02 04
17 00 3A 00 91 15 24 00 00 03 08 88 B2 00 00 00 00 FD 37 86 B2 00 00 00 00 03 04
17 00 3A 00 91 15 24 00 00 95 FE 87 B2 00 00 00 00 6B 41 86 B2 00 00 00 00 04 04
17 00 3A 00 91 15 24 00 00 07 F4 87 B2 00 00 00 00 F9 4B 86 B2 00 00 00 00 05 04
17 00 3A 00 91 15 24 00 00 BC E8 87 B2 00 00 00 00 44 57 86 B2 00 00 00 00 06 04
17 00 3A 00 91 15 24 00 00 D6 DD 87 B2 00 00 00 00 2A 62 86 B2 00 00 00 00 07 04
17 00 3A 00 91 15 24 00 00 76 D4 87 B2 00 00 00 00 8A 6B 86 B2 00 00 00 00 08 04
17 00 3A 00 91 15 24 00 00 1C CA 87 B2 00 00 00 00 E4 75 86 B2 00 00 00 00 09 04
17 00 3A 00 91 15 24 00 00 0E C1 87 B2 00 00 00 00 F2 7E 86 B2 00 00 00 00 0A 04
17 00 3A 00 91 15 24 00 00 C8 1C 88 B2 00 00 00 00 38 23 86 B2 00 00 00 00 0B 04
17 00 3A 00 91 15 24 00 00 4F 14 88 B2 00 00 00 00 B1 2B 86 B2 00 00 00 00 0C 04
17 00 3A 00 91 15 24 00 00 4F 0B 88 B2 00 00 00 00 B1 34 86 B2 00 00 00 00 0D 04
17 00 3A 00 91 15 24 00 00 0A 03 88 B2 00 00 00 00 F6 3C 86 B2 00 00 00 00 0E 04
17 00 3A 00 91 15 24 00 00 91 FA 87 B2 00 00 00 00 6F 45 86 B2 00 00 00 00 0F 04
17 00 3A 00 91 15 24 00 00 6D F2 87 B2 00 00 00 00 93 4D 86 B2 00 00 00 00 10 04
17 00 3A 00 91 15 24 00 00 E1 E9 87 B2 00 00 00 00 1F 56 86 B2 00 00 00 00 11 04
17 00 3A 00 91 15 24 00 00 23 E2 87 B2 00 00 00 00 DD 5D 86 B2 00 00 00 00 12 04
17 00 3A 00 91 15 24 00 00 DE D9 87 B2 00 00 00 00 22 66 86 B2 00 00 00 00 13 04
17 00 3A 00 91 15 24 00 00 3B D2 87 B2 00 00 00 00 C5 6D 86 B2 00 00 00 00 14 04
17 00 3A 00 91 15 24 00 00 4E CA 87 B2 00 00 00 00 B2 75 86 B2 00 00 00 00 15 04
17 00 3A 00 91 15 24 00 00 A2 C2 87 B2 00 00 00 00 5E 7D 86 B2 00 00 00 00 16 04
17 00 3A 00 91 15 24 00 00 2E 20 88 B2 00 00 00 00 D2 1F 86 B2 00 00 00 00 17 04
17 00 3A 00 91 15 24 00 00 78 19 88 B2 00 00 00 00 88 26 86 B2 00 00 00 00 18 04
17 00 3A 00 91 15 24 00 00 C5 11 88 B2 00 00 00 00 3B 2E 86 B2 00 00 00 00 19 04
17 00 3A 00 91 15 24 00 00 C9 0A 88 B2 00 00 00 00 37 35 86 B2 00 00 00 00 1A 04
17 00 3A 00 91 15 24 00 00 5F 03 88 B2 00 00 00 00 A1 3C 86 B2 00 00 00 00 1B 04
17 00 3A 00 91 15 24 00 00 92 FC 87 B2 00 00 00 00 6E 43 86 B2 00 00 00 00 1C 04
17 00 3A 00 91 15 24 00 00 71 F5 87 B2 00 00 00 00 8F 4A 86 B2 00 00 00 00 1D 04
17 00 3A 00 91 15 24 00 00 E6 EE 87 B2 00 00 00 00 1A 51 86 B2 00 00 00 00 1E 04
17 00 3A 00 91 15 24 00 00 BD E7 87 B2 00 00 00 00 43 58 86 B2 00 00 00 00 1F 04
17 00 3A 00 91 15 24 00 00 3A E1 87 B2 00 00 00 00 C6 5E 86 B2 00 00 00 00 20 04
17 00 3A 00 91 15 24 00 00 21 DA 87 B2 00 00 00 00 DF 65 86 B2 00 00 00 00 21 04
17 00 3A 00 91 15 24 00 00 2E D4 87 B2 00 00 00 00 D2 6B 86 B2 00 00 00 00 22 04
17 00 3A 00 91 15 24 00 00 60 CD 87 B2 00 00 00 00 A0 72 86 B2 00 00 00 00 23 04
17 00 3A 00 91 15 24 00 00 28 C7 87 B2 00 00 00 00 D8 78 86 B2 00 00 00 00 24 04
17 00 3A 00 91 15 24 00 00 CC C0 87 B2 00 00 00 00 34 7F 86 B2 00 00 00 00 25 04
17 00 3A 00 91 15 24 00 00 8B BA 87 B2 00 00 00 00 75 85 86 B2 00 00 00 00 26 04
17 00 3A 00 91 15 24 00 00 27 19 88 B2 00 00 00 00 D9 26 86 B2 00 00 00 00 27 04
17 00 3A 00 91 15 24 00 00 FA 13 88 B2 00 00 00 00 06 2C 86 B2 00 00 00 00 28 04
17 00 3A 00 91 15 24 00 00 0C 0E 88 B2 00 00 00 00 F4 31 86 B2 00 00 00 00 29 04
17 00 3A 00 91 15 24 00 00 64 08 88 B2 00 00 00 00 9C 37 86 B2 00 00 00 00 2A 04
17 00 3A 00 91 15 24 00 00 3A 02 88 B2 00 00 00 00 C6 3D 86 B2 00 00 00 00 2B 04
17 00 3A 00 91 15 24 00 00 C1 FC 87 B2 00 00 00 00 3F 43 86 B2 00 00 00 00 2C 04
17 00 3A 00 91 15 24 00 00 9A F6 87 B2 00 00 00 00 66 49 86 B2 00 00 00 00 2D 04
17 00 3A 00 91 15 24 00 00 A3 F1 87 B2 00 00 00 00 5D 4E 86 B2 00 00 00 00 2E 04
17 00 3A 00 91 15 24 00 00 F1 EB 87 B2 00 00 00 00 0F 54 86 B2 00 00 00 00 2F 04
17 00 3A 00 91 15 24 00 00 61 E6 87 B2 00 00 00 00 9F 59 86 B2 00 00 00 00 30 04
17 00 3A 00 91 15 24 00 00 69 E0 87 B2 00 00 00 00 97 5F 86 B2 00 00 00 00 31 04
17 00 3A 00 91 15 24 00 00 AA DB 87 B2 00 00 00 00 56 64 86 B2 00 00 00 00 32 04
17 00 3A 00 91 15 24 00 00 E7 D5 87 B2 00 00 00 00 19 6A 86 B2 00 00 00 00 33 04
17 00 3A 00 91 15 24 00 00 CC D0 87 B2 00 00 00 00 34 6F 86 B2 00 00 00 00 34 04
17 00 3A 00 91 15 24 00 00 B0 CB 87 B2 00 00 00 00 50 74 86 B2 00 00 00 00 35 04
17 00 3A 00 91 15 24 00 00 00 C6 87 B2 00 00 00 00 00 7A 86 B2 00 00 00 00 36 04
17 00 3A 00 91 15 24 00 00 27 26 88 B2 00 00 00 00 D9 19 86 B2 00 00 00 00 37 04
17 00 3A 00 91 15 24 00 00 68 21 88 B2 00 00 00 00 98 1E 86 B2 00 00 00 00 38 04
17 00 3A 00 91 15 24 00 00 B4 1B 88 B2 00 00 00 00 4C 24 86 B2 00 00 00 00 39 04
17 00 3A 00 91 15 24 00 00 8A 17 88 B2 00 00 00 00 76 28 86 B2 00 00 00 00 3A 04
17 00 3A 00 91 15 24 00 00 27 12 88 B2 00 00 00 00 D9 2D 86 B2 00 00 00 00 3B 04
17 00 3A 00 91 15 24 00 00 CE 0D 88 B2 00 00 00 00 32 32 86 B2 00 00 00 00 3C 04
17 00 3A 00 91 15 24 00 00 76 08 88 B2 00 00 00 00 8A 37 86 B2 00 00 00 00 3D 04
17 00 3A 00 91 15 24 00 00 3A 04 88 B2 00 00 00 00 C6 3B 86 B2 00 00 00 00 3E 04
17 00 3A 00 91 15 24 00 00 67 FF 87 B2 00 00 00 00 99 40 86 B2 00 00 00 00 3F 04
17 00 3A 00 91 15 24 00 00 09 FB 87 B2 00 00 00 00 F7 44 86 B2 00 00 00 00 40 04
17 00 3A 00 91 15 24 00 00 EC F5 87 B2 00 00 00 00 14 4A 86 B2 00 00 00 00 41 04
17 00 3A 00 91 15 24 00 00 D2 F1 87 B2 00 00 00 00 2E 4E 86 B2 00 00 00 00 42 04
17 00 3A 00 91 15 24 00 00 AC EC 87 B2 00 00 00 00 54 53 86 B2 00 00 00 00 43 04
17 00 3A 00 91 15 24 00 00 E6 E8 87 B2 00 00 00 00 1A 57 86 B2 00 00 00 00 44 04
17 00 3A 00 91 15 24 00 00 AD E4 87 B2 00 00 00 00 53 5B 86 B2 00 00 00 00 45 04
17 00 3A 00 91 15 24 00 00 67 E0 87 B2 00 00 00 00 99 5F 86 B2 00 00 00 00 46 04
17 00 3A 00 91 15 24 00 00 E0 DB 87 B2 00 00 00 00 20 64 86 B2 00 00 00 00 47 04
17 00 3A 00 91 15 24 00 00 84 D8 87 B2 00 00 00 00 7C 67 86 B2 00 00 00 00 48 04
17 00 3A 00 91 15 24 00 00 FB D3 87 B2 00 00 00 00 05 6C 86 B2 00 00 00 00 49 04
17 00 3A 00 91 15 24 00 00 22 D1 87 B2 00 00 00 00 DE 6E 86 B2 00 00 00 00 4A 04
17 00 3A 00 91 15 24 00 00 C6 C9 87 B2 00 00 00 00 3A 76 86 B2 00 00 00 00 4B 04
17 00 3A 00 91 15 24 00 00 F9 C9 87 B2 00 00 00 00 07 76 86 B2 00 00 00 00 4C 04
17 00 3A 00 91 15 24 00 00 17 C6 87 B2 00 00 00 00 E9 79 86 B2 00 00 00 00 4D 04
17 00 3A 00 91 15 24 00 00 C4 C2 87 B2 00 00 00 00 3C 7D 86 B2 00 00 00 00 4E 04
17 00 3A 00 91 15 24 00 00 16 24 88 B2 00 00 00 00 EA 1B 86 B2 00 00 00 00 4F 04
17 00 3A 00 91 15 24 00 00 62 21 88 B2 00 00 00 00 9E 1E 86 B2 00 00 00 00 50 04
17 00 3A 00 91 15 24 00 00 8E 1D 88 B2 00 00 00 00 72 22 86 B2 00 00 00 00 51 04
17 00 3A 00 91 15 24 00 00 62 1A 88 B2 00 00 00 00 9E 25 86 B2 00 00 00 00 52 04
17 00 3A 00 91 15 24 00 00 6F 16 88 B2 00 00 00 00 91 29 86 B2 00 00 00 00 53 04
17 00 3A 00 91 15 24 00 00 98 13 88 B2 00 00 00 00 68 2C 86 B2 00 00 00 00 54 04
17 00 3A 00 91 15 24 00 00 B3 0E 88 B2 00 00 00 00 4D 31 86 B2 00 00 00 00 55 04
17 00 3A 00 91 15 24 00 00 0F 0D 88 B2 00 00 00 00 F1 32 86 B2 00 00 00 00 56 04
17 00 3A 00 91 15 24 00 00 AD 08 88 B2 00 00 00 00 53 37 86 B2 00 00 00 00 57 04
17 00 3A 00 91 15 24 00 00 C9 06 88 B2 00 00 00 00 37 39 86 B2 00 00 00 00 58 04
17 00 3A 00 91 15 24 00 00 A6 02 88 B2 00 00 00 00 5A 3D 86 B2 00 00 00 00 59 04
17 00 3A 00 91 15 24 00 00 B3 00 88 B2 00 00 00 00 4D 3F 86 B2 00 00 00 00 5A 04
17 00 3A 00 91 15 24 00 00 6E FD 87 B2 00 00 00 00 92 42 86 B2 00 00 00 00 5B 04
17 00 3A 00 91 15 24 00 00 10 FB 87 B2 00 00 00 00 F0 44 86 B2 00 00 00 00 5C 04
17 00 3A 00 91 15 24 00 00 00 F8 87 B2 00 00 00 00 00 48 86 B2 00 00 00 00 5D 04
17 00 3A 00 91 15 24 00 00 BE F5 87 B2 00 00 00 00 42 4A 86 B2 00 00 00 00 5E 04
17 00 3A 00 91 15 24 00 00 C6 F2 87 B2 00 00 00 00 3A 4D 86 B2 00 00 00 00 5F 04
17 00 3A 00 91 15 24 00 00 A0 F0 87 B2 00 00 00 00 60 4F 86 B2 00 00 00 00 60 04
17 00 3A 00 91 15 24 00 00 3C ED 87 B2 00 00 00 00 C4 52 86 B2 00 00 00 00 61 04
17 00 3A 00 91 15 24 00 00 CA EB 87 B2 00 00 00 00 36 54 86 B2 00 00 00 00 62 04
17 00 3A 00 91 15 24 00 00 1F E9 87 B2 00 00 00 00 E1 56 86 B2 00 00 00 00 63 04
17 00 3A 00 91 15 24 00 00 0A E7 87 B2 00 00 00 00 F6 58 86 B2 00 00 00 00 64 04
17 00 3A 00 91 15 24 00 00 D6 E3 87 B2 00 00 00 00 2A 5C 86 B2 00 00 00 00 65 04
17 00 3A 00 91 15 24 00 00 73 E2 87 B2 00 00 00 00 8D 5D 86 B2 00 00 00 00 66 04
17 00 3A 00 91 15 24 00 00 F3 DF 87 B2 00 00 00 00 0D 60 86 B2 00 00 00 00 67 04
17 00 3A 00 91 15 24 00 00 6F DE 87 B2 00 00 00 00 91 61 86 B2 00 00 00 00 68 04
17 00 3A 00 91 15 24 00 00 F0 DB 87 B2 00 00 00 00 10 64 86 B2 00 00 00 00 69 04
17 00 3A 00 91 15 24 00 00 57 DA 87 B2 00 00 00 00 A9 65 86 B2 00 00 00 00 6A 04
17 00 3A 00 91 15 24 00 00 6B D8 87 B2 00 00 00 00 95 67 86 B2 00 00 00 00 6B 04
17 00 3A 00 91 15 24 00 00 D6 D6 87 B2 00 00 00 00 2A 69 86 B2 00 00 00 00 6C 04
17 00 3A 00 91 15 24 00 00 F5 D4 87 B2 00 00 00 00 0B 6B 86 B2 00 00 00 00 6D 04
17 00 3A 00 91 15 24 00 00 6C D3 87 B2 00 00 00 00 94 6C 86 B2 00 00 00 00 6E 04
17 00 3A 00 91 15 24 00 00 AA D0 87 B2 00 00 00 00 56 6F 86 B2 00 00 00 00 6F 04
17 00 3A 00 91 15 24 00 00 55 D0 87 B2 00 00 00 00 AB 6F 86 B2 00 00 00 00 70 04
17 00 3A 00 91 15 24 00 00 71 CE 87 B2 00 00 00 00 8F 71 86 B2 00 00 00 00 71 04
17 00 3A 00 91 15 24 00 00 48 CD 87 B2 00 00 00 00 B8 72 86 B2 00 00 00 00 72 04
17 00 3A 00 91 15 24 00 00 E3 CA 87 B2 00 00 00 00 1D 75 86 B2 00 00 00 00 73 04
17 00 3A 00 91 15 24 00 00 42 CA 87 B2 00 00 00 00 BE 75 86 B2 00 00 00 00 74 04
17 00 3A 00 91 15 24 00 00 20 C8 87 B2 00 00 00 00 E0 77 86 B2 00 00 00 00 75 04
17 00 3A 00 91 15 24 00 00 E3 C7 87 B2 00 00 00 00 1D 78 86 B2 00 00 00 00 76 04
17 00 3A 00 91 15 24 00 00 64 C6 87 B2 00 00 00 00 9C 79 86 B2 00 00 00 00 77 04
17 00 3A 00 91 15 24 00 00 FE C5 87 B2 00 00 00 00 02 7A 86 B2 00 00 00 00 78 04
17 00 3A 00 91 15 24 00 00 9C C4 87 B2 00 00 00 00 64 7B 86 B2 00 00 00 00 79 04
17 00 3A 00 91 15 24 00 00 86 C4 87 B2 00 00 00 00 7A 7B 86 B2 00 00 00 00 7A 04
17 00 3A 00 91 15 24 00 00 76 C3 87 B2 00 00 00 00 8A 7C 86 B2 00 00 00 00 7B 04
17 00 3A 00 91 15 24 00 00 20 C3 87 B2 00 00 00 00 E0 7C 86 B2 00 00 00 00 7C 04
17 00 3A 00 91 15 24 00 00 91 C2 87 B2 00 00 00 00 6F 7D 86 B2 00 00 00 00 7D 04
17 00 3A 00 91 15 24 00 00 07 C2 87 B2 00 00 00 00 F9 7D 86 B2 00 00 00 00 7E 04
17 00 3A 00 91 15 24 00 00 85 C1 87 B2 00 00 00 00 7B 7E 86 B2 00 00 00 00 7F 04
17 00 3A 00 91 15 24 00 00 36 C1 87 B2 00 00 00 00 CA 7E 86 B2 00 00 00 00 80 04
17 00 3A 00 91 15 24 00 00 09 26 88 B2 00 00 00 00 F7 19 86 B2 00 00 00 00 81 04
17 00 3A 00 91 15 24 00 00 DE 25 88 B2 00 00 00 00 22 1A 86 B2 00 00 00 00 82 04
17 00 3A 00 91 15 24 00 00 A6 24 88 B2 00 00 00 00 5A 1B 86 B2 00 00 00 00 83 04
17 00 3A 00 91 15 24 00 00 6F 25 88 B2 00 00 00 00 91 1A 86 B2 00 00 00 00 84 04
17 00 3A 00 91 15 24 00 00 74 24 88 B2 00 00 00 00 8C 1B 86 B2 00 00 00 00 85 04
17 00 3A 00 91 15 24 00 00 1C 25 88 B2 00 00 00 00 E4 1A 86 B2 00 00 00 00 86 04
17 00 3A 00 91 15 24 00 00 9E 24 88 B2 00 00 00 00 62 1B 86 B2 00 00 00 00 87 04
17 00 3A 00 91 15 24 00 00 79 25 88 B2 00 00 00 00 87 1A 86 B2 00 00 00 00 88 04
17 00 3A 00 91 15 24 00 00 C1 25 88 B2 00 00 00 00 3F 1A 86 B2 00 00 00 00 89 04
17 00 3A 00 91 15 24 00 00 E7 25 88 B2 00 00 00 00 19 1A 86 B2 00 00 00 00 8A 04
17 00 3A 00 91 15 24 00 00 AA 25 88 B2 00 00 00 00 56 1A 86 B2 00 00 00 00 8B 04
17 00 3A 00 91 15 24 00 00 9A 26 88 B2 00 00 00 00 66 19 86 B2 00 00 00 00 8C 04
17 00 3A 00 91 15 24 00 00 5C BE 87 B2 00 00 00 00 A4 81 86 B2 00 00 00 00 8D 04
17 00 3A 00 91 15 24 00 00 DD C1 87 B2 00 00 00 00 23 7E 86 B2 00 00 00 00 8E 04
17 00 3A 00 91 15 24 00 00 AA C1 87 B2 00 00 00 00 56 7E 86 B2 00 00 00 00 8F 04
17 00 3A 00 91 15 24 00 00 BA C2 87 B2 00 00 00 00 46 7D 86 B2 00 00 00 00 90 04
17 00 3A 00 91 15 24 00 00 10 C3 87 B2 00 00 00 00 F0 7C 86 B2 00 00 00 00 91 04
17 00 3A 00 91 15 24 00 00 D8 C3 87 B2 00 00 00 00 28 7C 86 B2 00 00 00 00 92 04
17 00 3A 00 91 15 24 00 00 90 C3 87 B2 00 00 00 00 70 7C 86 B2 00 00 00 00 93 04
17 00 3A 00 91 15 24 00 00 44 C5 87 B2 00 00 00 00 BC 7A 86 B2 00 00 00 00 94 04
17 00 3A 00 91 15 24 00 00 A2 C5 87 B2 00 00 00 00 5E 7A 86 B2 00 00 00 00 95 04
17 00 3A 00 91 15 24 00 00 C3 C6 87 B2 00 00 00 00 3D 79 86 B2 00 00 00 00 96 04
17 00 3A 00 91 15 24 00 00 07 C8 87 B2 00 00 00 00 F9 77 86 B2 00 00 00 00 97 04
17 00 3A 00 91 15 24 00 00 12 C9 87 B2 00 00 00 00 EE 76 86 B2 00 00 00 00 98 04
17 00 3A 00 91 15 24 00 00 05 CA 87 B2 00 00 00 00 FB 75 86 B2 00 00 00 00 99 04
17 00 3A 00 91 15 24 00 00 AF CB 87 B2 00 00 00 00 51 74 86 B2 00 00 00 00 9A 04
17 00 3A 00 91 15 24 00 00 FE CC 87 B2 00 00 00 00 02 73 86 B2 00 00 00 00 9B 04
17 00 3A 00 91 15 24 00 00 C3 CE 87 B2 00 00 00 00 3D 71 86 B2 00 00 00 00 9C 04
17 00 3A 00 91 15 24 00 00 12 D0 87 B2 00 00 00 00 EE 6F 86 B2 00 00 00 00 9D 04
17 00 3A 00 91 15 24 00 00 28 D2 87 B2 00 00 00 00 D8 6D 86 B2 00 00 00 00 9E 04
17 00 3A 00 91 15 24 00 00 A1 D2 87 B2 00 00 00 00 5F 6D 86 B2 00 00 00 00 9F 04
17 00 3A 00 91 15 24 00 00 7D D5 87 B2 00 00 00 00 83 6A 86 B2 00 00 00 00 A0 04
17 00 3A 00 91 15 24 00 00 15 D7 87 B2 00 00 00 00 EB 68 86 B2 00 00 00 00 A1 04
17 00 3A 00 91 15 24 00 00 51 D9 87 B2 00 00 00 00 AF 66 86 B2 00 00 00 00 A2 04
17 00 3A 00 91 15 24 00 00 E3 DA 87 B2 00 00 00 00 1D 65 86 B2 00 00 00 00 A3 04
17 00 3A 00 91 15 24 00 00 71 DD 87 B2 00 00 00 00 8F 62 86 B2 00 00 00 00 A4 04
17 00 3A 00 91 15 24 00 00 91 DF 87 B2 00 00 00 00 6F 60 86 B2 00 00 00 00 A5 04
17 00 3A 00 91 15 24 00 00 6E E2 87 B2 00 00 00 00 92 5D 86 B2 00 00 00 00 A6 04
17 00 3A 00 91 15 24 00 00 54 E5 87 B2 00 00 00 00 AC 5A 86 B2 00 00 00 00 A7 04
17 00 3A 00 91 15 24 00 00 39 E9 87 B2 00 00 00 00 C7 56 86 B2 00 00 00 00 A8 04
17 00 3A 00 91 15 24 00 00 ED EC 87 B2 00 00 00 00 13 53 86 B2 00 00 00 00 A9 04
17 00 3A 00 91 15 24 00 00 82 F1 87 B2 00 00 00 00 7E 4E 86 B2 00 00 00 00 AA 04
17 00 3A 00 91 15 24 00 00 A8 F5 87 B2 00 00 00 00 58 4A 86 B2 00 00 00 00 AB 04
17 00 3A 00 91 15 24 00 00 4D FB 87 B2 00 00 00 00 B3 44 86 B2 00 00 00 00 AC 04
17 00 3A 00 91 15 24 00 00 CB 00 88 B2 00 00 00 00 35 3F 86 B2 00 00 00 00 AD 04
17 00 3A 00 91 15 24 00 00 9A 06 88 B2 00 00 00 00 66 39 86 B2 00 00 00 00 AE 04
17 00 3A 00 91 15 24 00 00 F6 0C 88 B2 00 00 00 00 0A 33 86 B2 00 00 00 00 AF 04
17 00 3A 00 91 15 24 00 00 CE 12 88 B2 00 00 00 00 32 2D 86 B2 00 00 00 00 B0 04
17 00 3A 00 91 15 24 00 00 86 19 88 B2 00 00 00 00 7A 26 86 B2 00 00 00 00 B1 04
17 00 3A 00 91 15 24 00 00 0D 20 88 B2 00 00 00 00 F3 1F 86 B2 00 00 00 00 B2 04
17 00 3A 00 91 15 24 00 00 C6 C0 87 B2 00 00 00 00 3A 7F 86 B2 00 00 00 00 B3 04
17 00 3A 00 91 15 24 00 00 D3 C8 87 B2 00 00 00 00 2D 77 86 B2 00 00 00 00 B4 04
17 00 3A 00 91 15 24 00 00 AD CF 87 B2 00 00 00 00 53 70 86 B2 00 00 00 00 B5 04
17 00 3A 00 91 15 24 00 00 CD D7 87 B2 00 00 00 00 33 68 86 B2 00 00 00 00 B6 04
17 00 3A 00 91 15 24 00 00 C4 DD 87 B2 00 00 00 00 3C 62 86 B2 00 00 00 00 B7 04
17 00 3A 00 91 15 24 00 00 CA E7 87 B2 00 00 00 00 36 58 86 B2 00 00 00 00 B8 04
17 00 3A 00 91 15 24 00 00 6F EF 87 B2 00 00 00 00 91 50 86 B2 00 00 00 00 B9 04
17 00 3A 00 91 15 24 00 00 2A F8 87 B2 00 00 00 00 D6 47 86 B2 00 00 00 00 BA 04
17 00 3A 00 91 15 24 00 00 3E 00 88 B2 00 00 00 00 C2 3F 86 B2 00 00 00 00 BB 04
17 00 3A 00 91 15 24 00 00 1D 09 88 B2 00 00 00 00 E3 36 86 B2 00 00 00 00 BC 04
17 00 3A 00 91 15 24 00 00 C5 11 88 B2 00 00 00 00 3B 2E 86 B2 00 00 00 00 BD 04
17 00 3A 00 91 15 24 00 00 DD 1A 88 B2 00 00 00 00 23 25 86 B2 00 00 00 00 BE 04
17 00 3A 00 91 15 24 00 00 E7 22 88 B2 00 00 00 00 19 1D 86 B2 00 00 00 00 BF 04
17 00 3A 00 91 15 24 00 00 C3 C7 87 B2 00 00 00 00 3D 78 86 B2 00 00 00 00 C0 04
17 00 3A 00 91 15 24 00 00 27 D1 87 B2 00 00 00 00 D9 6E 86 B2 00 00 00 00 C1 04
17 00 3A 00 91 15 24 00 00 A5 DA 87 B2 00 00 00 00 5B 65 86 B2 00 00 00 00 C2 04
17 00 3A 00 91 15 24 00 00 2A E4 87 B2 00 00 00 00 D6 5B 86 B2 00 00 00 00 C3 04
17 00 3A 00 91 15 24 00 00 84 EE 87 B2 00 00 00 00 7C 51 86 B2 00 00 00 00 C4 04
17 00 3A 00 91 15 24 00 00 77 F5 87 B2 00 00 00 00 89 4A 86 B2 00 00 00 00 C5 04
17 00 3A 00 91 15 24 00 00 12 03 88 B2 00 00 00 00 EE 3C 86 B2 00 00 00 00 C6 04
17 00 3A 00 91 15 24 00 00 F8 0C 88 B2 00 00 00 00 08 33 86 B2 00 00 00 00 C7 04
17 00 3A 00 91 15 24 00 00 20 18 88 B2 00 00 00 00 E0 27 86 B2 00 00 00 00 C8 04
17 00 3A 00 91 15 24 00 00 2E 23 88 B2 00 00 00 00 D2 1C 86 B2 00 00 00 00 C9 04
17 00 3A 00 91 15 24 00 00 E0 C8 87 B2 00 00 00 00 20 77 86 B2 00 00 00 00 CA 04
17 00 3A 00 91 15 24 00 00 C7 D3 87 B2 00 00 00 00 39 6C 86 B2 00 00 00 00 CB 04
17 00 3A 00 91 15 24 00 00 B1 DF 87 B2 00 00 00 00 4F 60 86 B2 00 00 00 00 CC 04
17 00 3A 00 91 15 24 00 00 C2 E9 87 B2 00 00 00 00 3E 56 86 B2 00 00 00 00 CD 04
17 00 3A 00 91 15 24 00 00 07 F7 87 B2 00 00 00 00 F9 48 86 B2 00 00 00 00 CE 04
17 00 3A 00 91 15 24 00 00 79 FF 87 B2 00 00 00 00 87 40 86 B2 00 00 00 00 CF 04
17 00 3A 00 91 15 24 00 00 F6 0E 88 B2 00 00 00 00 0A 31 86 B2 00 00 00 00 D0 04
17 00 3A 00 91 15 24 00 00 86 1A 88 B2 00 00 00 00 7A 25 86 B2 00 00 00 00 D1 04
17 00 3A 00 91 15 24 00 00 1D 27 88 B2 00 00 00 00 E3 18 86 B2 00 00 00 00 D2 04
17 00 3A 00 91 15 24 00 00 17 CD 87 B2 00 00 00 00 E9 72 86 B2 00 00 00 00 D3 04
17 00 3A 00 91 15 24 00 00 B9 D9 87 B2 00 00 00 00 47 66 86 B2 00 00 00 00 D4 04
17 00 3A 00 91 15 24 00 00 55 E5 87 B2 00 00 00 00 AB 5A 86 B2 00 00 00 00 D5 04
17 00 3A 00 91 15 24 00 00 AA F2 87 B2 00 00 00 00 56 4D 86 B2 00 00 00 00 D6 04
17 00 3A 00 91 15 24 00 00 72 FD 87 B2 00 00 00 00 8E 42 86 B2 00 00 00 00 D7 04
17 00 3A 00 91 15 24 00 00 F7 0B 88 B2 00 00 00 00 09 34 86 B2 00 00 00 00 D8 04
17 00 3A 00 91 15 24 00 00 F4 17 88 B2 00 00 00 00 0C 28 86 B2 00 00 00 00 D9 04
17 00 3A 00 91 15 24 00 00 55 25 88 B2 00 00 00 00 AB 1A 86 B2 00 00 00 00 DA 04
17 00 3A 00 91 15 24 00 00 C4 CB 87 B2 00 00 00 00 3C 74 86 B2 00 00 00 00 DB 04
17 00 3A 00 91 15 24 00 00 84 D9 87 B2 00 00 00 00 7C 66 86 B2 00 00 00 00 DC 04
17 00 3A 00 91 15 24 00 00 00 E6 87 B2 00 00 00 00 00 5A 86 B2 00 00 00 00 DD 04
17 00 3A 00 91 15 24 00 00 C8 F3 87 B2 00 00 00 00 38 4C 86 B2 00 00 00 00 DE 04
17 00 3A 00 91 15 24 00 00 D9 00 88 B2 00 00 00 00 27 3F 86 B2 00 00 00 00 DF 04
17 00 3A 00 91 15 24 00 00 F7 0D 88 B2 00 00 00 00 09 32 86 B2 00 00 00 00 E0 04
17 00 3A 00 91 15 24 00 00 19 1B 88 B2 00 00 00 00 E7 24 86 B2 00 00 00 00 E1 04
17 00 3A 00 91 15 24 00 00 E5 C2 87 B2 00 00 00 00 1B 7D 86 B2 00 00 00 00 E2 04
17 00 3A 00 91 15 24 00 00 9D CF 87 B2 00 00 00 00 63 70 86 B2 00 00 00 00 E3 04
17 00 3A 00 91 15 24 00 00 76 DD 87 B2 00 00 00 00 8A 62 86 B2 00 00 00 00 E4 04
17 00 3A 00 91 15 24 00 00 9E EA 87 B2 00 00 00 00 62 55 86 B2 00 00 00 00 E5 04
17 00 3A 00 91 15 24 00 00 B8 F8 87 B2 00 00 00 00 48 47 86 B2 00 00 00 00 E6 04
17 00 3A 00 91 15 24 00 00 F9 04 88 B2 00 00 00 00 07 3B 86 B2 00 00 00 00 E7 04
17 00 3A 00 91 15 24 00 00 4B 14 88 B2 00 00 00 00 B5 2B 86 B2 00 00 00 00 E8 04
17 00 3A 00 91 15 24 00 00 7D 22 88 B2 00 00 00 00 83 1D 86 B2 00 00 00 00 E9 04
17 00 3A 00 91 15 24 00 00 F3 CA 87 B2 00 00 00 00 0D 75 86 B2 00 00 00 00 EA 04
17 00 3A 00 91 15 24 00 00 5E D8 87 B2 00 00 00 00 A2 67 86 B2 00 00 00 00 EB 04
17 00 3A 00 91 15 24 00 00 23 E7 87 B2 00 00 00 00 DD 58 86 B2 00 00 00 00 EC 04
17 00 3A 00 91 15 24 00 00 56 F4 87 B2 00 00 00 00 AA 4B 86 B2 00 00 00 00 ED 04
17 00 3A 00 91 15 24 00 00 6A 03 88 B2 00 00 00 00 96 3C 86 B2 00 00 00 00 EE 04
17 00 3A 00 91 15 24 00 00 6D 11 88 B2 00 00 00 00 93 2E 86 B2 00 00 00 00 EF 04
17 00 3A 00 91 15 24 00 00 E4 1F 88 B2 00 00 00 00 1C 20 86 B2 00 00 00 00 F0 04
17 00 3A 00 91 15 24 00 00 C0 C6 87 B2 00 00 00 00 40 79 86 B2 00 00 00 00 F1 04
17 00 3A 00 91 15 24 00 00 DB D6 87 B2 00 00 00 00 25 69 86 B2 00 00 00 00 F2 04
17 00 3A 00 91 15 24 00 00 FB E4 87 B2 00 00 00 00 05 5B 86 B2 00 00 00 00 F3 04
17 00 3A 00 91 15 24 00 00 E7 F3 87 B2 00 00 00 00 19 4C 86 B2 00 00 00 00 F4 04
17 00 3A 00 91 15 24 00 00 0A 00 88 B2 00 00 00 00 F6 3F 86 B2 00 00 00 00 F5 04
17 00 3A 00 91 15 24 00 00 26 11 88 B2 00 00 00 00 DA 2E 86 B2 00 00 00 00 F6 04
17 00 3A 00 91 15 24 00 00 27 1E 88 B2 00 00 00 00 D9 21 86 B2 00 00 00 00 F7 04
17 00 3A 00 91 15 24 00 00 1C C9 87 B2 00 00 00 00 E4 76 86 B2 00 00 00 00 F8 04
17 00 3A 00 91 15 24 00 00 D0 D7 87 B2 00 00 00 00 30 68 86 B2 00 00 00 00 F9 04
17 00 3A 00 91 15 24 00 00 4C E7 87 B2 00 00 00 00 B4 58 86 B2 00 00 00 00 FA 04
17 00 3A 00 91 15 24 00 00 B0 F5 87 B2 00 00 00 00 50 4A 86 B2 00 00 00 00 FB 04
17 00 3A 00 91 15 24 00 00 55 05 88 B2 00 00 00 00 AB 3A 86 B2 00 00 00 00 FC 04
17 00 3A 00 91 15 24 00 00 3F 14 88 B2 00 00 00 00 C1 2B 86 B2 00 00 00 00 FD 04
17 00 3A 00 91 15 24 00 00 C2 23 88 B2 00 00 00 00 3E 1C 86 B2 00 00 00 00 FE 04
17 00 3A 00 91 15 24 00 00 10 CC 87 B2 00 00 00 00 F0 73 86 B2 00 00 00 00 FF 04
17 00 3A 00 91 15 24 00 00 C7 DC 87 B2 00 00 00 00 39 63 86 B2 00 00 00 00 00 05
17 00 3A 00 91 15 24 00 00 0D EC 87 B2 00 00 00 00 F3 53 86 B2 00 00 00 00 01 05
17 00 3A 00 91 15 24 00 00 75 FB 87 B2 00 00 00 00 8B 44 86 B2 00 00 00 00 02 05
17 00 3A 00 91 15 24 00 00 CB 09 88 B2 00 00 00 00 35 36 86 B2 00 00 00 00 03 05
17 00 3A 00 91 15 24 00 00 98 1A 88 B2 00 00 00 00 68 25 86 B2 00 00 00 00 04 05
17 00 3A 00 91 15 24 00 00 19 C4 87 B2 00 00 00 00 E7 7B 86 B2 00 00 00 00 05 05
17 00 3A 00 91 15 24 00 00 EB D4 87 B2 00 00 00 00 15 6B 86 B2 00 00 00 00 06 05
17 00 3A 00 91 15 24 00 00 BB E4 87 B2 00 00 00 00 45 5B 86 B2 00 00 00 00 07 05
17 00 3A 00 91 15 24 00 00 22 F5 87 B2 00 00 00 00 DE 4A 86 B2 00 00 00 00 08 05
17 00 3A 00 91 15 24 00 00 B2 04 88 B2 00 00 00 00 4E 3B 86 B2 00 00 00 00 09 05
17 00 3A 00 91 15 24 00 00 D5 15 88 B2 00 00 00 00 2B 2A 86 B2 00 00 00 00 0A 05
17 00 3A 00 91 15 24 00 00 B7 25 88 B2 00 00 00 00 49 1A 86 B2 00 00 00 00 0B 05
17 00 3A 00 91 15 24 00 00 83 D1 87 B2 00 00 00 00 7D 6E 86 B2 00 00 00 00 0C 05
17 00 3A 00 91 15 24 00 00 D5 E0 87 B2 00 00 00 00 2B 5F 86 B2 00 00 00 00 0D 05
17 00 3A 00 91 15 24 00 00 C3 F2 87 B2 00 00 00 00 3D 4D 86 B2 00 00 00 00 0E 05
17 00 3A 00 91 15 24 00 00 D7 02 88 B2 00 00 00 00 29 3D 86 B2 00 00 00 00 0F 05
17 00 3A 00 91 15 24 00 00 36 14 88 B2 00 00 00 00 CA 2B 86 B2 00 00 00 00 10 05
17 00 3A 00 91 15 24 00 00 BB BE 87 B2 00 00 00 00 45 81 86 B2 00 00 00 00 11 05
17 00 3A 00 91 15 24 00 00 7C D0 87 B2 00 00 00 00 84 6F 86 B2 00 00 00 00 12 05
17 00 3A 00 91 15 24 00 00 12 E1 87 B2 00 00 00 00 EE 5E 86 B2 00 00 00 00 13 05
17 00 3A 00 91 15 24 00 00 71 F2 87 B2 00 00 00 00 8F 4D 86 B2 00 00 00 00 14 05
17 00 3A 00 91 15 24 00 00 64 03 88 B2 00 00 00 00 9C 3C 86 B2 00 00 00 00 15 05
17 00 3A 00 91 15 24 00 00 F3 14 88 B2 00 00 00 00 0D 2B 86 B2 00 00 00 00 16 05
17 00 3A 00 91 15 24 00 00 C4 25 88 B2 00 00 00 00 3C 1A 86 B2 00 00 00 00 17 05
17 00 3A 00 91 15 24 00 00 3E D2 87 B2 00 00 00 00 C2 6D 86 B2 00 00 00 00 18 05
17 00 3A 00 91 15 24 00 00 C6 E2 87 B2 00 00 00 00 3A 5D 86 B2 00 00 00 00 19 05
17 00 3A 00 91 15 24 00 00 67 F5 87 B2 00 00 00 00 99 4A 86 B2 00 00 00 00 1A 05
17 00 3A 00 91 15 24 00 00 D0 06 88 B2 00 00 00 00 30 39 86 B2 00 00 00 00 1B 05
17 00 3A 00 91 15 24 00 00 A2 18 88 B2 00 00 00 00 5E 27 86 B2 00 00 00 00 1C 05
17 00 3A 00 91 15 24 00 00 96 C4 87 B2 00 00 00 00 6A 7B 86 B2 00 00 00 00 1D 05
17 00 3A 00 91 15 24 00 00 86 D6 87 B2 00 00 00 00 7A 69 86 B2 00 00 00 00 1E 05
17 00 3A 00 91 15 24 00 00 48 E8 87 B2 00 00 00 00 B8 57 86 B2 00 00 00 00 1F 05
17 00 3A 00 91 15 24 00 00 16 FA 87 B2 00 00 00 00 EA 45 86 B2 00 00 00 00 20 05
17 00 3A 00 91 15 24 00 00 4A 0B 88 B2 00 00 00 00 B6 34 86 B2 00 00 00 00 21 05
17 00 3A 00 91 15 24 00 00 94 1D 88 B2 00 00 00 00 6C 22 86 B2 00 00 00 00 22 05
17 00 3A 00 91 15 24 00 00 E3 C9 87 B2 00 00 00 00 1D 76 86 B2 00 00 00 00 23 05
17 00 3A 00 91 15 24 00 00 04 DC 87 B2 00 00 00 00 FC 63 86 B2 00 00 00 00 24 05
17 00 3A 00 91 15 24 00 00 7C EC 87 B2 00 00 00 00 84 53 86 B2 00 00 00 00 25 05
17 00 3A 00 91 15 24 00 00 67 00 88 B2 00 00 00 00 99 3F 86 B2 00 00 00 00 26 05
17 00 3A 00 91 15 24 00 00 15 12 88 B2 00 00 00 00 EB 2D 86 B2 00 00 00 00 27 05
17 00 3A 00 91 15 24 00 00 DB 24 88 B2 00 00 00 00 25 1B 86 B2 00 00 00 00 28 05
17 00 3A 00 91 15 24 00 00 54 D1 87 B2 00 00 00 00 AC 6E 86 B2 00 00 00 00 29 05
17 00 3A 00 91 15 24 00 00 11 E4 87 B2 00 00 00 00 EF 5B 86 B2 00 00 00 00 2A 05
17 00 3A 00 91 15 24 00 00 A5 F5 87 B2 00 00 00 00 5B 4A 86 B2 00 00 00 00 2B 05
17 00 3A 00 91 15 24 00 00 CA 08 88 B2 00 00 00 00 36 37 86 B2 00 00 00 00 2C 05
17 00 3A 00 91 15 24 00 00 9C 1A 88 B2 00 00 00 00 64 25 86 B2 00 00 00 00 2D 05
17 00 3A 00 91 15 24 00 00 FF C7 87 B2 00 00 00 00 01 78 86 B2 00 00 00 00 2E 05
17 00 3A 00 91 15 24 00 00 92 D9 87 B2 00 00 00 00 6E 66 86 B2 00 00 00 00 2F 05
17 00 3A 00 91 15 24 00 00 1C ED 87 B2 00 00 00 00 E4 52 86 B2 00 00 00 00 30 05
17 00 3A 00 91 15 24 00 00 B8 FE 87 B2 00 00 00 00 48 41 86 B2 00 00 00 00 31 05
17 00 3A 00 91 15 24 00 00 10 12 88 B2 00 00 00 00 F0 2D 86 B2 00 00 00 00 32 05
17 00 3A 00 91 15 24 00 00 25 24 88 B2 00 00 00 00 DB 1B 86 B2 00 00 00 00 33 05
17 00 3A 00 91 15 24 00 00 AD D1 87 B2 00 00 00 00 53 6E 86 B2 00 00 00 00 34 05
17 00 3A 00 91 15 24 00 00 4A E4 87 B2 00 00 00 00 B6 5B 86 B2 00 00 00 00 35 05
17 00 3A 00 91 15 24 00 00 6D F7 87 B2 00 00 00 00 93 48 86 B2 00 00 00 00 36 05
17 00 3A 00 91 15 24 00 00 E7 08 88 B2 00 00 00 00 19 37 86 B2 00 00 00 00 37 05
17 00 3A 00 91 15 24 00 00 D7 1D 88 B2 00 00 00 00 29 22 86 B2 00 00 00 00 38 05
17 00 3A 00 91 15 24 00 00 D5 CA 87 B2 00 00 00 00 2B 75 86 B2 00 00 00 00 39 05
17 00 3A 00 91 15 24 00 00 9D DE 87 B2 00 00 00 00 63 61 86 B2 00 00 00 00 3A 05
17 00 3A 00 91 15 24 00 00 78 F1 87 B2 00 00 00 00 88 4E 86 B2 00 00 00 00 3B 05
17 00 3A 00 91 15 24 00 00 7F 05 88 B2 00 00 00 00 81 3A 86 B2 00 00 00 00 3C 05
17 00 3A 00 91 15 24 00 00 01 18 88 B2 00 00 00 00 FF 27 86 B2 00 00 00 00 3D 05
17 00 3A 00 91 15 24 00 00 F9 C6 87 B2 00 00 00 00 07 79 86 B2 00 00 00 00 3E 05
17 00 3A 00 91 15 24 00 00 97 D9 87 B2 00 00 00 00 69 66 86 B2 00 00 00 00 3F 05
17 00 3A 00 91 15 24 00 00 46 EE 87 B2 00 00 00 00 BA 51 86 B2 00 00 00 00 40 05
17 00 3A 00 91 15 24 00 00 68 01 88 B2 00 00 00 00 98 3E 86 B2 00 00 00 00 41 05
17 00 3A 00 91 15 24 00 00 B5 15 88 B2 00 00 00 00 4B 2A 86 B2 00 00 00 00 42 05
17 00 3A 00 91 15 24 00 00 EB C0 87 B2 00 00 00 00 15 7F 86 B2 00 00 00 00 43 05
17 00 3A 00 91 15 24 00 00 BC D7 87 B2 00 00 00 00 44 68 86 B2 00 00 00 00 44 05
17 00 3A 00 91 15 24 00 00 35 EB 87 B2 00 00 00 00 CB 54 86 B2 00 00 00 00 45 05
17 00 3A 00 91 15 24 00 00 BE FF 87 B2 00 00 00 00 42 40 86 B2 00 00 00 00 46 05
17 00 3A 00 91 15 24 00 00 AF 12 88 B2 00 00 00 00 51 2D 86 B2 00 00 00 00 47 05
17 00 3A 00 91 15 24 00 00 C4 27 88 B2 00 00 00 00 3C 18 86 B2 00 00 00 00 48 05
17 00 3A 00 91 15 24 00 00 0A D6 87 B2 00 00 00 00 F6 69 86 B2 00 00 00 00 49 05
17 00 3A 00 91 15 24 00 00 D3 EA 87 B2 00 00 00 00 2D 55 86 B2 00 00 00 00 4A 05
17 00 3A 00 91 15 24 00 00 F6 FE 87 B2 00 00 00 00 0A 41 86 B2 00 00 00 00 4B 05
17 00 3A 00 91 15 24 00 00 58 13 88 B2 00 00 00 00 A8 2C 86 B2 00 00 00 00 4C 05
17 00 3A 00 91 15 24 00 00 EB 27 88 B2 00 00 00 00 15 18 86 B2 00 00 00 00 4D 05
17 00 3A 00 91 15 24 00 00 85 D6 87 B2 00 00 00 00 7B 69 86 B2 00 00 00 00 4E 05
17 00 3A 00 91 15 24 00 00 D1 E8 87 B2 00 00 00 00 2F 57 86 B2 00 00 00 00 4F 05
17 00 3A 00 91 15 24 00 00 38 FF 87 B2 00 00 00 00 C8 40 86 B2 00 00 00 00 50 05
17 00 3A 00 91 15 24 00 00 31 11 88 B2 00 00 00 00 CF 2E 86 B2 00 00 00 00 51 05
17 00 3A 00 91 15 24 00 00 34 C2 87 B2 00 00 00 00 CC 7D 86 B2 00 00 00 00 52 05
17 00 3A 00 91 15 24 00 00 91 D4 87 B2 00 00 00 00 6F 6B 86 B2 00 00 00 00 53 05
17 00 3A 00 91 15 24 00 00 3B EB 87 B2 00 00 00 00 C5 54 86 B2 00 00 00 00 54 05
17 00 3A 00 91 15 24 00 00 DD FD 87 B2 00 00 00 00 23 42 86 B2 00 00 00 00 55 05
17 00 3A 00 91 15 24 00 00 B4 14 88 B2 00 00 00 00 4C 2B 86 B2 00 00 00 00 56 05
17 00 3A 00 91 15 24 00 00 F0 C2 87 B2 00 00 00 00 10 7D 86 B2 00 00 00 00 57 05
17 00 3A 00 91 15 24 00 00 99 D8 87 B2 00 00 00 00 67 67 86 B2 00 00 00 00 58 05
17 00 3A 00 91 15 24 00 00 F7 EA 87 B2 00 00 00 00 09 55 86 B2 00 00 00 00 59 05
17 00 3A 00 91 15 24 00 00 48 02 88 B2 00 00 00 00 B8 3D 86 B2 00 00 00 00 5A 05
17 00 3A 00 91 15 24 00 00 5E 1B 88 B2 00 00 00 00 A2 24 86 B2 00 00 00 00 5B 05
17 00 3A 00 91 15 24 00 00 94 C6 87 B2 00 00 00 00 6C 79 86 B2 00 00 00 00 5C 05
17 00 3A 00 91 15 24 00 00 65 D9 87 B2 00 00 00 00 9B 66 86 B2 00 00 00 00 5D 05
17 00 3A 00 91 15 24 00 00 85 F0 87 B2 00 00 00 00 7B 4F 86 B2 00 00 00 00 5E 05
17 00 3A 00 91 15 24 00 00 05 04 88 B2 00 00 00 00 FB 3B 86 B2 00 00 00 00 5F 05
17 00 3A 00 91 15 24 00 00 D2 1A 88 B2 00 00 00 00 2E 25 86 B2 00 00 00 00 60 05
17 00 3A 00 91 15 24 00 00 13 CA 87 B2 00 00 00 00 ED 75 86 B2 00 00 00 00 61 05
17 00 3A 00 91 15 24 00 00 2F DF 87 B2 00 00 00 00 D1 60 86 B2 00 00 00 00 62 05
17 00 3A 00 91 15 24 00 00 9E F3 87 B2 00 00 00 00 62 4C 86 B2 00 00 00 00 63 05
17 00 3A 00 91 15 24 00 00 8A 09 88 B2 00 00 00 00 76 36 86 B2 00 00 00 00 64 05
17 00 3A 00 91 15 24 00 00 24 1D 88 B2 00 00 00 00 DC 22 86 B2 00 00 00 00 65 05
17 00 3A 00 91 15 24 00 00 34 CE 87 B2 00 00 00 00 CC 71 86 B2 00 00 00 00 66 05
17 00 3A 00 91 15 24 00 00 B8 E2 87 B2 00 00 00 00 48 5D 86 B2 00 00 00 00 67 05
17 00 3A 00 91 15 24 00 00 E5 F8 87 B2 00 00 00 00 1B 47 86 B2 00 00 00 00 68 05
17 00 3A 00 91 15 24 00 00 69 0D 88 B2 00 00 00 00 97 32 86 B2 00 00 00 00 69 05
17 00 3A 00 91 15 24 00 00 B9 23 88 B2 00 00 00 00 47 1C 86 B2 00 00 00 00 6A 05
17 00 3A 00 91 15 24 00 00 63 D2 87 B2 00 00 00 00 9D 6D 86 B2 00 00 00 00 6B 05
17 00 3A 00 91 15 24 00 00 26 E9 87 B2 00 00 00 00 DA 56 86 B2 00 00 00 00 6C 05
17 00 3A 00 91 15 24 00 00 34 FD 87 B2 00 00 00 00 CC 42 86 B2 00 00 00 00 6D 05
17 00 3A 00 91 15 24 00 00 0B 14 88 B2 00 00 00 00 F5 2B 86 B2 00 00 00 00 6E 05
17 00 3A 00 91 15 24 00 00 C1 C2 87 B2 00 00 00 00 3F 7D 86 B2 00 00 00 00 6F 05
17 00 3A 00 91 15 24 00 00 5F D9 87 B2 00 00 00 00 A1 66 86 B2 00 00 00 00 70 05
17 00 3A 00 91 15 24 00 00 1E EE 87 B2 00 00 00 00 E2 51 86 B2 00 00 00 00 71 05
17 00 3A 00 91 15 24 00 00 89 04 88 B2 00 00 00 00 77 3B 86 B2 00 00 00 00 72 05
17 00 3A 00 91 15 24 00 00 BC 19 88 B2 00 00 00 00 44 26 86 B2 00 00 00 00 73 05
17 00 3A 00 91 15 24 00 00 D1 CA 87 B2 00 00 00 00 2F 75 86 B2 00 00 00 00 74 05
17 00 3A 00 91 15 24 00 00 EF DF 87 B2 00 00 00 00 11 60 86 B2 00 00 00 00 75 05
17 00 3A 00 91 15 24 00 00 60 F7 87 B2 00 00 00 00 A0 48 86 B2 00 00 00 00 76 05
17 00 3A 00 91 15 24 00 00 34 0C 88 B2 00 00 00 00 CC 33 86 B2 00 00 00 00 77 05
17 00 3A 00 91 15 24 00 00 EA 23 88 B2 00 00 00 00 16 1C 86 B2 00 00 00 00 78 05
17 00 3A 00 91 15 24 00 00 E2 D3 87 B2 00 00 00 00 1E 6C 86 B2 00 00 00 00 79 05
17 00 3A 00 91 15 24 00 00 1B EB 87 B2 00 00 00 00 E5 54 86 B2 00 00 00 00 7A 05
17 00 3A 00 91 15 24 00 00 03 02 88 B2 00 00 00 00 FD 3D 86 B2 00 00 00 00 7B 05
17 00 3A 00 91 15 24 00 00 4A 18 88 B2 00 00 00 00 B6 27 86 B2 00 00 00 00 7C 05
17 00 3A 00 91 15 24 00 00 0B CA 87 B2 00 00 00 00 F5 75 86 B2 00 00 00 00 7D 05
17 00 3A 00 91 15 24 00 00 0A E0 87 B2 00 00 00 00 F6 5F 86 B2 00 00 00 00 7E 05
17 00 3A 00 91 15 24 00 00 6F F7 87 B2 00 00 00 00 91 48 86 B2 00 00 00 00 7F 05
17 00 3A 00 91 15 24 00 00 AC 0D 88 B2 00 00 00 00 54 32 86 B2 00 00 00 00 80 05
17 00 3A 00 91 15 24 00 00 18 25 88 B2 00 00 00 00 E8 1A 86 B2 00 00 00 00 81 05
17 00 3A 00 91 15 24 00 00 AF D5 87 B2 00 00 00 00 51 6A 86 B2 00 00 00 00 82 05
17 00 3A 00 91 15 24 00 00 33 ED 87 B2 00 00 00 00 CD 52 86 B2 00 00 00 00 83 05
17 00 3A 00 91 15 24 00 00 0E 04 88 B2 00 00 00 00 F2 3B 86 B2 00 00 00 00 84 05
17 00 3A 00 91 15 24 00 00 A1 1B 88 B2 00 00 00 00 5F 24 86 B2 00 00 00 00 85 05
17 00 3A 00 91 15 24 00 00 0A CD 87 B2 00 00 00 00 F6 72 86 B2 00 00 00 00 86 05
17 00 3A 00 91 15 24 00 00 CB E4 87 B2 00 00 00 00 35 5B 86 B2 00 00 00 00 87 05
17 00 3A 00 91 15 24 00 00 48 FC 87 B2 00 00 00 00 B8 43 86 B2 00 00 00 00 88 05
17 00 3A 00 91 15 24 00 00 07 14 88 B2 00 00 00 00 F9 2B 86 B2 00 00 00 00 89 05
17 00 3A 00 91 15 24 00 00 26 C6 87 B2 00 00 00 00 DA 79 86 B2 00 00 00 00 8A 05
17 00 3A 00 91 15 24 00 00 9A DE 87 B2 00 00 00 00 66 61 86 B2 00 00 00 00 8B 05
17 00 3A 00 91 15 24 00 00 68 F6 87 B2 00 00 00 00 98 49 86 B2 00 00 00 00 8C 05
17 00 3A 00 91 15 24 00 00 4E 0E 88 B2 00 00 00 00 B2 31 86 B2 00 00 00 00 8D 05
17 00 3A 00 91 15 24 00 00 E3 C0 87 B2 00 00 00 00 1D 7F 86 B2 00 00 00 00 8E 05
17 00 3A 00 91 15 24 00 00 FB D8 87 B2 00 00 00 00 05 67 86 B2 00 00 00 00 8F 05
17 00 3A 00 91 15 24 00 00 53 F1 87 B2 00 00 00 00 AD 4E 86 B2 00 00 00 00 90 05
17 00 3A 00 91 15 24 00 00 7B 09 88 B2 00 00 00 00 85 36 86 B2 00 00 00 00 91 05
17 00 3A 00 91 15 24 00 00 32 22 88 B2 00 00 00 00 CE 1D 86 B2 00 00 00 00 92 05
17 00 3A 00 91 15 24 00 00 D0 D4 87 B2 00 00 00 00 30 6B 86 B2 00 00 00 00 93 05
17 00 3A 00 91 15 24 00 00 00 EE 87 B2 00 00 00 00 00 52 86 B2 00 00 00 00 94 05
17 00 3A 00 91 15 24 00 00 1C 07 88 B2 00 00 00 00 E4 38 86 B2 00 00 00 00 95 05
17 00 3A 00 91 15 24 00 00 3C 21 88 B2 00 00 00 00 C4 1E 86 B2 00 00 00 00 96 05
17 00 3A 00 91 15 24 00 00 22 D6 87 B2 00 00 00 00 DE 69 86 B2 00 00 00 00 97 05
17 00 3A 00 91 15 24 00 00 9E F1 87 B2 00 00 00 00 62 4E 86 B2 00 00 00 00 98 05
17 00 3A 00 91 15 24 00 00 D5 0C 88 B2 00 00 00 00 2B 33 86 B2 00 00 00 00 99 05
17 00 3A 00 91 15 24 00 00 2E C4 87 B2 00 00 00 00 D2 7B 86 B2 00 00 00 00 9A 05
17 00 3A 00 91 15 24 00 00 35 E1 87 B2 00 00 00 00 CB 5E 86 B2 00 00 00 00 9B 05
17 00 3A 00 91 15 24 00 00 0D FF 87 B2 00 00 00 00 F3 40 86 B2 00 00 00 00 9C 05
17 00 3A 00 91 15 24 00 00 61 1D 88 B2 00 00 00 00 9F 22 86 B2 00 00 00 00 9D 05
17 00 3A 00 91 15 24 00 00 42 D6 87 B2 00 00 00 00 BE 69 86 B2 00 00 00 00 9E 05
17 00 3A 00 91 15 24 00 00 23 F5 87 B2 00 00 00 00 DD 4A 86 B2 00 00 00 00 9F 05
17 00 3A 00 91 15 24 00 00 08 15 88 B2 00 00 00 00 F8 2A 86 B2 00 00 00 00 A0 05
17 00 3A 00 91 15 24 00 00 41 CF 87 B2 00 00 00 00 BF 70 86 B2 00 00 00 00 A1 05
17 00 3A 00 91 15 24 00 00 13 F0 87 B2 00 00 00 00 ED 4F 86 B2 00 00 00 00 A2 05
17 00 3A 00 91 15 24 00 00 DD 10 88 B2 00 00 00 00 23 2F 86 B2 00 00 00 00 A3 05
17 00 3A 00 91 15 24 00 00 D0 CC 87 B2 00 00 00 00 30 73 86 B2 00 00 00 00 A4 05
17 00 3A 00 91 15 24 00 00 98 EE 87 B2 00 00 00 00 68 51 86 B2 00 00 00 00 A5 05
17 00 3A 00 91 15 24 00 00 DC 10 88 B2 00 00 00 00 24 2F 86 B2 00 00 00 00 A6 05
17 00 3A 00 91 15 24 00 00 B6 CD 87 B2 00 00 00 00 4A 72 86 B2 00 00 00 00 A7 05
17 00 3A 00 91 15 24 00 00 BC F0 87 B2 00 00 00 00 44 4F 86 B2 00 00 00 00 A8 05
17 00 3A 00 91 15 24 00 00 C3 13 88 B2 00 00 00 00 3D 2C 86 B2 00 00 00 00 A9 05
17 00 3A 00 91 15 24 00 00 DC D1 87 B2 00 00 00 00 24 6E 86 B2 00 00 00 00 AA 05
17 00 3A 00 91 15 24 00 00 70 F5 87 B2 00 00 00 00 90 4A 86 B2 00 00 00 00 AB 05
17 00 3A 00 91 15 24 00 00 B4 19 88 B2 00 00 00 00 4C 26 86 B2 00 00 00 00 AC 05
17 00 3A 00 91 15 24 00 00 85 D8 87 B2 00 00 00 00 7B 67 86 B2 00 00 00 00 AD 05
17 00 3A 00 91 15 24 00 00 5B FD 87 B2 00 00 00 00 A5 42 86 B2 00 00 00 00 AE 05
17 00 3A 00 91 15 24 00 00 36 22 88 B2 00 00 00 00 CA 1D 86 B2 00 00 00 00 AF 05
17 00 3A 00 91 15 24 00 00 66 E1 87 B2 00 00 00 00 9A 5E 86 B2 00 00 00 00 B0 05
17 00 3A 00 91 15 24 00 00 EA 06 88 B2 00 00 00 00 16 39 86 B2 00 00 00 00 B1 05
17 00 3A 00 91 15 24 00 00 9B C6 87 B2 00 00 00 00 65 79 86 B2 00 00 00 00 B2 05
17 00 3A 00 91 15 24 00 00 4F EC 87 B2 00 00 00 00 B1 53 86 B2 00 00 00 00 B3 05
17 00 3A 00 91 15 24 00 00 8F 12 88 B2 00 00 00 00 71 2D 86 B2 00 00 00 00 B4 05
17 00 3A 00 91 15 24 00 00 8D D3 87 B2 00 00 00 00 73 6C 86 B2 00 00 00 00 B5 05
17 00 3A 00 91 15 24 00 00 30 FA 87 B2 00 00 00 00 D0 45 86 B2 00 00 00 00 B6 05
17 00 3A 00 91 15 24 00 00 44 21 88 B2 00 00 00 00 BC 1E 86 B2 00 00 00 00 B7 05
17 00 3A 00 91 15 24 00 00 19 E3 87 B2 00 00 00 00 E7 5C 86 B2 00 00 00 00 B8 05
17 00 3A 00 91 15 24 00 00 B1 0A 88 B2 00 00 00 00 4F 35 86 B2 00 00 00 00 B9 05
17 00 3A 00 91 15 24 00 00 85 CC 87 B2 00 00 00 00 7B 73 86 B2 00 00 00 00 BA 05
17 00 3A 00 91 15 24 00 00 01 F5 87 B2 00 00 00 00 FF 4A 86 B2 00 00 00 00 BB 05
17 00 3A 00 91 15 24 00 00 64 1C 88 B2 00 00 00 00 9C 23 86 B2 00 00 00 00 BC 05
17 00 3A 00 91 15 24 00 00 B0 E0 87 B2 00 00 00 00 50 5F 86 B2 00 00 00 00 BD 05
17 00 3A 00 91 15 24 00 00 EA 07 88 B2 00 00 00 00 16 38 86 B2 00 00 00 00 BE 05
17 00 3A 00 91 15 24 00 00 10 CB 87 B2 00 00 00 00 F0 74 86 B2 00 00 00 00 BF 05
17 00 3A 00 91 15 24 00 00 C6 F3 87 B2 00 00 00 00 3A 4C 86 B2 00 00 00 00 C0 05
17 00 3A 00 91 15 24 00 00 E9 B4 87 B2 00 00 00 00 17 8B 86 B2 00 00 00 00 C1 05
17 00 3A 00 91 15 24 00 00 0E E0 87 B2 00 00 00 00 F2 5F 86 B2 00 00 00 00 C2 05
17 00 3A 00 91 15 24 00 00 9D 0B 88 B2 00 00 00 00 63 34 86 B2 00 00 00 00 C3 05
17 00 3A 00 91 15 24 00 00 69 CD 87 B2 00 00 00 00 97 72 86 B2 00 00 00 00 C4 05
17 00 3A 00 91 15 24 00 00 DD F5 87 B2 00 00 00 00 23 4A 86 B2 00 00 00 00 C5 05
17 00 3A 00 91 15 24 00 00 24 21 88 B2 00 00 00 00 DC 1E 86 B2 00 00 00 00 C6 05
17 00 3A 00 91 15 24 00 00 20 E7 87 B2 00 00 00 00 E0 58 86 B2 00 00 00 00 C7 05
17 00 3A 00 91 15 24 00 00 C4 0F 88 B2 00 00 00 00 3C 30 86 B2 00 00 00 00 C8 05
17 00 3A 00 91 15 24 00 00 1F D6 87 B2 00 00 00 00 E1 69 86 B2 00 00 00 00 C9 05
17 00 3A 00 91 15 24 00 00 22 FF 87 B2 00 00 00 00 DE 40 86 B2 00 00 00 00 CA 05
17 00 3A 00 91 15 24 00 00 E0 C5 87 B2 00 00 00 00 20 7A 86 B2 00 00 00 00 CB 05
17 00 3A 00 91 15 24 00 00 88 EF 87 B2 00 00 00 00 78 50 86 B2 00 00 00 00 CC 05
17 00 3A 00 91 15 24 00 00 61 1B 88 B2 00 00 00 00 9F 24 86 B2 00 00 00 00 CD 05
17 00 3A 00 91 15 24 00 00 74 E0 87 B2 00 00 00 00 8C 5F 86 B2 00 00 00 00 CE 05
17 00 3A 00 91 15 24 00 00 34 0D 88 B2 00 00 00 00 CC 32 86 B2 00 00 00 00 CF 05
17 00 3A 00 91 15 24 00 00 FC D1 87 B2 00 00 00 00 04 6E 86 B2 00 00 00 00 D0 05
17 00 3A 00 91 15 24 00 00 3F FF 87 B2 00 00 00 00 C1 40 86 B2 00 00 00 00 D1 05
17 00 3A 00 91 15 24 00 00 F7 C3 87 B2 00 00 00 00 09 7C 86 B2 00 00 00 00 D2 05
17 00 3A 00 91 15 24 00 00 C5 F1 87 B2 00 00 00 00 3B 4E 86 B2 00 00 00 00 D3 05
17 00 3A 00 91 15 24 00 00 2B 1C 88 B2 00 00 00 00 D5 23 86 B2 00 00 00 00 D4 05
17 00 3A 00 91 15 24 00 00 D2 E4 87 B2 00 00 00 00 2E 5B 86 B2 00 00 00 00 D5 05
17 00 3A 00 91 15 24 00 00 F3 0F 88 B2 00 00 00 00 0D 30 86 B2 00 00 00 00 D6 05
17 00 3A 00 91 15 24 00 00 E3 D8 87 B2 00 00 00 00 1D 67 86 B2 00 00 00 00 D7 05
17 00 3A 00 91 15 24 00 00 A8 04 88 B2 00 00 00 00 58 3B 86 B2 00 00 00 00 D8 05
17 00 3A 00 91 15 24 00 00 04 CE 87 B2 00 00 00 00 FC 71 86 B2 00 00 00 00 D9 05
17 00 3A 00 91 15 24 00 00 C8 F9 87 B2 00 00 00 00 38 46 86 B2 00 00 00 00 DA 05
17 00 3A 00 91 15 24 00 00 9E C3 87 B2 00 00 00 00 62 7C 86 B2 00 00 00 00 DB 05
17 00 3A 00 91 15 24 00 00 AC EF 87 B2 00 00 00 00 54 50 86 B2 00 00 00 00 DC 05
17 00 3A 00 91 15 24 00 00 50 1F 88 B2 00 00 00 00 B0 20 86 B2 00 00 00 00 DD 05
17 00 3A 00 91 15 24 00 00 F8 E5 87 B2 00 00 00 00 08 5A 86 B2 00 00 00 00 DE 05
17 00 3A 00 91 15 24 00 00 C7 15 88 B2 00 00 00 00 39 2A 86 B2 00 00 00 00 DF 05
17 00 3A 00 91 15 24 00 00 BB DC 87 B2 00 00 00 00 45 63 86 B2 00 00 00 00 E0 05
17 00 3A 00 91 15 24 00 00 8F 0C 88 B2 00 00 00 00 71 33 86 B2 00 00 00 00 E1 05
17 00 3A 00 91 15 24 00 00 A2 D3 87 B2 00 00 00 00 5E 6C 86 B2 00 00 00 00 E2 05
17 00 3A 00 91 15 24 00 00 E3 03 88 B2 00 00 00 00 1D 3C 86 B2 00 00 00 00 E3 05
17 00 3A 00 91 15 24 00 00 56 CB 87 B2 00 00 00 00 AA 74 86 B2 00 00 00 00 E4 05
17 00 3A 00 91 15 24 00 00 90 FB 87 B2 00 00 00 00 70 44 86 B2 00 00 00 00 E5 05
17 00 3A 00 91 15 24 00 00 1C C3 87 B2 00 00 00 00 E4 7C 86 B2 00 00 00 00 E6 05
17 00 3A 00 91 15 24 00 00 AF F3 87 B2 00 00 00 00 51 4C 86 B2 00 00 00 00 E7 05
17 00 3A 00 91 15 24 00 00 72 BB 87 B2 00 00 00 00 8E 84 86 B2 00 00 00 00 E8 05
17 00 3A 00 91 15 24 00 00 10 EC 87 B2 00 00 00 00 F0 53 86 B2 00 00 00 00 E9 05
17 00 3A 00 91 15 24 00 00 A1 19 88 B2 00 00 00 00 5F 26 86 B2 00 00 00 00 EA 05
17 00 3A 00 91 15 24 00 00 E5 E4 87 B2 00 00 00 00 1B 5B 86 B2 00 00 00 00 EB 05
17 00 3A 00 91 15 24 00 00 CB 12 88 B2 00 00 00 00 35 2D 86 B2 00 00 00 00 EC 05
17 00 3A 00 91 15 24 00 00 15 DE 87 B2 00 00 00 00 EB 61 86 B2 00 00 00 00 ED 05
17 00 3A 00 91 15 24 00 00 0D 0C 88 B2 00 00 00 00 F3 33 86 B2 00 00 00 00 EE 05
17 00 3A 00 91 15 24 00 00 B1 D7 87 B2 00 00 00 00 4F 68 86 B2 00 00 00 00 EF 05
17 00 3A 00 91 15 24 00 00 34 06 88 B2 00 00 00 00 CC 39 86 B2 00 00 00 00 F0 05
17 00 3A 00 91 15 24 00 00 E8 D1 87 B2 00 00 00 00 18 6E 86 B2 00 00 00 00 F1 05
17 00 3A 00 91 15 24 00 00 97 00 88 B2 00 00 00 00 69 3F 86 B2 00 00 00 00 F2 05
17 00 3A 00 91 15 24 00 00 F4 CC 87 B2 00 00 00 00 0C 73 86 B2 00 00 00 00 F3 05
17 00 3A 00 91 15 24 00 00 FE FB 87 B2 00 00 00 00 02 44 86 B2 00 00 00 00 F4 05
17 00 3A 00 91 15 24 00 00 8E C8 87 B2 00 00 00 00 72 77 86 B2 00 00 00 00 F5 05
17 00 3A 00 91 15 24 00 00 00 F8 87 B2 00 00 00 00 00 48 86 B2 00 00 00 00 F6 05
17 00 3A 00 91 15 24 00 00 F5 C4 87 B2 00 00 00 00 0B 7B 86 B2 00 00 00 00 F7 05
17 00 3A 00 91 15 24 00 00 9F F4 87 B2 00 00 00 00 61 4B 86 B2 00 00 00 00 F8 05
17 00 3A 00 91 15 24 00 00 68 27 88 B2 00 00 00 00 98 18 86 B2 00 00 00 00 F9 05
17 00 3A 00 91 15 24 00 00 DE F1 87 B2 00 00 00 00 22 4E 86 B2 00 00 00 00 FA 05
17 00 3A 00 91 15 24 00 00 F4 24 88 B2 00 00 00 00 0C 1B 86 B2 00 00 00 00 FB 05
17 00 3A 00 91 15 24 00 00 2C EF 87 B2 00 00 00 00 D4 50 86 B2 00 00 00 00 FC 05
17 00 3A 00 91 15 24 00 00 9A 22 88 B2 00 00 00 00 66 1D 86 B2 00 00 00 00 FD 05
17 00 3A 00 91 15 24 00 00 3D ED 87 B2 00 00 00 00 C3 52 86 B2 00 00 00 00 FE 05
17 00 3A 00 91 15 24 00 00 A1 20 88 B2 00 00 00 00 5F 1F 86 B2 00 00 00 00 FF 05
17 00 3A 00 91 15 24 00 00 8C EB 87 B2 00 00 00 00 74 54 86 B2 00 00 00 00 00 06
17 00 3A 00 91 15 24 00 00 1A 1F 88 B2 00 00 00 00 E6 20 86 B2 00 00 00 00 01 06
17 00 3A 00 91 15 24 00 00 3E EA 87 B2 00 00 00 00 C2 55 86 B2 00 00 00 00 02 06
17 00 3A 00 91 15 24 00 00 16 1E 88 B2 00 00 00 00 EA 21 86 B2 00 00 00 00 03 06
