17 00 3A 00 91 15 24 00 00 FE EB 87 B2 00 00 00 00 02 54 86 B2 00 00 00 00 BA 10
17 00 3A 00 91 15 24 00 00 F8 22 88 B2 00 00 00 00 08 1D 86 B2 00 00 00 00 BB 10
17 00 3A 00 91 15 24 00 00 C4 10 88 B2 00 00 00 00 3C 2F 86 B2 00 00 00 00 BC 10
17 00 3A 00 91 15 24 00 00 AD DD 87 B2 00 00 00 00 53 62 86 B2 00 00 00 00 BD 10
17 00 3A 00 91 15 24 00 00 47 39 88 B2 00 00 00 00 B9 06 86 B2 00 00 00 00 BE 10
17 00 3A 00 91 15 24 00 00 10 FE 87 B2 00 00 00 00 F0 41 86 B2 00 00 00 00 BF 10
17 00 3A 00 91 15 24 00 00 74 5A 88 B2 00 00 00 00 8C E5 85 B2 00 00 00 00 C0 10
17 00 3A 00 91 15 24 00 00 00 21 88 B2 00 00 00 00 00 1F 86 B2 00 00 00 00 C1 10
17 00 3A 00 91 15 24 00 00 CD 16 88 B2 00 00 00 00 33 29 86 B2 00 00 00 00 C2 10
17 00 3A 00 91 15 24 00 00 58 DE 87 B2 00 00 00 00 A8 61 86 B2 00 00 00 00 C3 10
17 00 3A 00 91 15 24 00 00 9A 27 88 B2 00 00 00 00 66 18 86 B2 00 00 00 00 C4 10
17 00 3A 00 91 15 24 00 00 7E 00 88 B2 00 00 00 00 82 3F 86 B2 00 00 00 00 C5 10
17 00 3A 00 91 15 24 00 00 A5 FA 87 B2 00 00 00 00 5B 45 86 B2 00 00 00 00 C6 10
17 00 3A 00 91 15 24 00 00 3D 28 88 B2 00 00 00 00 C3 17 86 B2 00 00 00 00 C7 10
17 00 3A 00 91 15 24 00 00 DE 19 88 B2 00 00 00 00 22 26 86 B2 00 00 00 00 C8 10
17 00 3A 00 91 15 24 00 00 69 F2 87 B2 00 00 00 00 97 4D 86 B2 00 00 00 00 C9 10
17 00 3A 00 91 15 24 00 00 B8 4A 88 B2 00 00 00 00 48 F5 85 B2 00 00 00 00 CA 10
17 00 3A 00 91 15 24 00 00 F7 1E 88 B2 00 00 00 00 09 21 86 B2 00 00 00 00 CB 10
17 00 3A 00 91 15 24 00 00 CC 10 88 B2 00 00 00 00 34 2F 86 B2 00 00 00 00 CC 10
17 00 3A 00 91 15 24 00 00 CA 4B 88 B2 00 00 00 00 36 F4 85 B2 00 00 00 00 CD 10
17 00 3A 00 91 15 24 0E 00 00 00 00 00 00 00 00 00 00 00 00 00 00 00 00 00 CE 10
17 00 3A 00 91 15 24 00 00 53 16 88 B2 00 00 00 00 AD 29 86 B2 00 00 00 00 CF 10
17 00 3A 00 91 15 24 00 00 F0 09 88 B2 00 00 00 00 10 36 86 B2 00 00 00 00 D0 10
17 00 3A 00 91 15 24 00 00 A3 47 88 B2 00 00 00 00 5D F8 85 B2 00 00 00 00 D1 10
17 00 3A 00 91 15 24 00 00 11 3C 88 B2 00 00 00 00 EF 03 86 B2 00 00 00 00 D2 10
17 00 3A 00 91 15 24 00 00 9B 14 88 B2 00 00 00 00 65 2B 86 B2 00 00 00 00 D3 10
17 00 3A 00 91 15 24 00 00 EC 0A 88 B2 00 00 00 00 14 35 86 B2 00 00 00 00 D4 10
17 00 3A 00 91 15 24 00 00 E3 47 88 B2 00 00 00 00 1D F8 85 B2 00 00 00 00 D5 10
17 00 3A 00 91 15 24 00 00 79 3E 88 B2 00 00 00 00 87 01 86 B2 00 00 00 00 D6 10
08 00 3A 00 91 06 29 04 35 11 00 00
17 00 3A 00 91 15 24 00 00 3E 10 88 B2 00 00 00 00 C2 2F 86 B2 00 00 00 00 D7 10
17 00 3A 00 91 15 24 00 00 A2 10 88 B2 00 00 00 00 5E 2F 86 B2 00 00 00 00 D8 10
17 00 3A 00 91 15 24 00 00 AD 47 88 B2 00 00 00 00 53 F8 85 B2 00 00 00 00 D9 10
17 00 3A 00 91 15 24 00 00 6F 47 88 B2 00 00 00 00 91 F8 85 B2 00 00 00 00 DA 10
17 00 3A 00 91 15 24 00 00 8A 19 88 B2 00 00 00 00 76 26 86 B2 00 00 00 00 DB 10
17 00 3A 00 91 15 24 00 00 33 1A 88 B2 00 00 00 00 CD 25 86 B2 00 00 00 00 DC 10
17 00 3A 00 91 15 24 00 00 13 ED 87 B2 00 00 00 00 ED 52 86 B2 00 00 00 00 DD 10
17 00 3A 00 91 15 24 0E 00 00 00 00 00 00 00 00 00 00 00 00 00 00 00 00 00 DE 10
17 00 3A 00 91 15 24 00 00 9C 27 88 B2 00 00 00 00 64 18 86 B2 00 00 00 00 DF 10
17 00 3A 00 91 15 24 00 00 7B 22 88 B2 00 00 00 00 85 1D 86 B2 00 00 00 00 E0 10
17 00 3A 00 91 15 24 0E 00 00 00 00 00 00 00 00 00 00 00 00 00 00 00 00 00 E1 10
17 00 3A 00 91 15 24 00 00 91 FA 87 B2 00 00 00 00 6F 45 86 B2 00 00 00 00 E2 10
17 00 3A 00 91 15 24 00 00 B0 3A 88 B2 00 00 00 00 50 05 86 B2 00 00 00 00 E3 10
17 00 3A 00 91 15 24 0E 00 00 00 00 00 00 00 00 00 00 00 00 00 00 00 00 00 E4 10
17 00 3A 00 91 15 24 0E 00 00 00 00 00 00 00 00 00 00 00 00 00 00 00 00 00 E5 10
17 00 3A 00 91 15 24 0E 00 00 00 00 00 00 00 00 00 00 00 00 00 00 00 00 00 E6 10
17 00 3A 00 91 15 24 0E 00 00 00 00 00 00 00 00 00 00 00 00 00 00 00 00 00 E7 10
17 00 3A 00 91 15 24 0E 00 00 00 00 00 00 00 00 00 00 00 00 00 00 00 00 00 E8 10
17 00 3A 00 91 15 24 0E 00 00 00 00 00 00 00 00 00 00 00 00 00 00 00 00 00 E9 10
17 00 3A 00 91 15 24 0E 00 00 00 00 00 00 00 00 00 00 00 00 00 00 00 00 00 EA 10
17 00 3A 00 91 15 24 00 00 43 0E 88 B2 00 00 00 00 BD 31 86 B2 00 00 00 00 EB 10
17 00 3A 00 91 15 24 0E 00 00 00 00 00 00 00 00 00 00 00 00 00 00 00 00 00 EC 10
17 00 3A 00 91 15 24 0E 00 00 00 00 00 00 00 00 00 00 00 00 00 00 00 00 00 ED 10
17 00 3A 00 91 15 24 0E 00 00 00 00 00 00 00 00 00 00 00 00 00 00 00 00 00 EE 10
17 00 3A 00 91 15 24 00 00 40 2E 88 B2 00 00 00 00 C0 11 86 B2 00 00 00 00 EF 10
17 00 3A 00 91 15 24 0E 00 00 00 00 00 00 00 00 00 00 00 00 00 00 00 00 00 F0 10
17 00 3A 00 91 15 24 00 00 29 0B 88 B2 00 00 00 00 D7 34 86 B2 00 00 00 00 F1 10
17 00 3A 00 91 15 24 0E 00 00 00 00 00 00 00 00 00 00 00 00 00 00 00 00 00 F2 10
17 00 3A 00 91 15 24 0E 00 00 00 00 00 00 00 00 00 00 00 00 00 00 00 00 00 F3 10
17 00 3A 00 91 15 24 0E 00 00 00 00 00 00 00 00 00 00 00 00 00 00 00 00 00 F4 10
17 00 3A 00 91 15 24 00 00 FB 42 88 B2 00 00 00 00 05 FD 85 B2 00 00 00 00 F5 10
17 00 3A 00 91 15 24 0E 00 00 00 00 00 00 00 00 00 00 00 00 00 00 00 00 00 F6 10
17 00 3A 00 91 15 24 00 00 37 14 88 B2 00 00 00 00 C9 2B 86 B2 00 00 00 00 F7 10
17 00 3A 00 91 15 24 00 00 CE 00 88 B2 00 00 00 00 32 3F 86 B2 00 00 00 00 F8 10
17 00 3A 00 91 15 24 00 00 D9 E9 87 B2 00 00 00 00 27 56 86 B2 00 00 00 00 F9 10
17 00 3A 00 91 15 24 0E 00 00 00 00 00 00 00 00 00 00 00 00 00 00 00 00 00 FA 10
17 00 3A 00 91 15 24 00 00 20 29 88 B2 00 00 00 00 E0 16 86 B2 00 00 00 00 FB 10
17 00 3A 00 91 15 24 16 00 00 00 00 00 00 00 00 00 00 00 00 00 00 00 00 00 FC 10
17 00 3A 00 91 15 24 00 00 AE 0B 88 B2 00 00 00 00 52 34 86 B2 00 00 00 00 FD 10
17 00 3A 00 91 15 24 0E 00 00 00 00 00 00 00 00 00 00 00 00 00 00 00 00 00 FE 10
17 00 3A 00 91 15 24 00 00 50 ED 87 B2 00 00 00 00 B0 52 86 B2 00 00 00 00 FF 10
17 00 3A 00 91 15 24 00 00 1C 43 88 B2 00 00 00 00 E4 FC 85 B2 00 00 00 00 00 11
17 00 3A 00 91 15 24 00 00 FB 37 88 B2 00 00 00 00 05 08 86 B2 00 00 00 00 01 11
17 00 3A 00 91 15 24 00 00 73 2D 88 B2 00 00 00 00 8D 12 86 B2 00 00 00 00 02 11
17 00 3A 00 91 15 24 00 00 FA 12 88 B2 00 00 00 00 06 2D 86 B2 00 00 00 00 03 11
17 00 3A 00 91 15 24 00 00 3B 0A 88 B2 00 00 00 00 C5 35 86 B2 00 00 00 00 04 11
17 00 3A 00 91 15 24 00 00 93 F2 87 B2 00 00 00 00 6D 4D 86 B2 00 00 00 00 05 11
17 00 3A 00 91 15 24 00 00 C8 E6 87 B2 00 00 00 00 38 59 86 B2 00 00 00 00 06 11
17 00 3A 00 91 15 24 00 00 35 3C 88 B2 00 00 00 00 CB 03 86 B2 00 00 00 00 07 11
17 00 3A 00 91 15 24 00 00 FA 2F 88 B2 00 00 00 00 06 10 86 B2 00 00 00 00 08 11
17 00 3A 00 91 15 24 00 00 82 1D 88 B2 00 00 00 00 7E 22 86 B2 00 00 00 00 09 11
17 00 3A 00 91 15 24 00 00 5B 10 88 B2 00 00 00 00 A5 2F 86 B2 00 00 00 00 0A 11
17 00 3A 00 91 15 24 00 00 BA FF 87 B2 00 00 00 00 46 40 86 B2 00 00 00 00 0B 11
17 00 3A 00 91 15 24 00 00 7B F1 87 B2 00 00 00 00 85 4E 86 B2 00 00 00 00 0C 11
17 00 3A 00 91 15 24 00 00 D2 E1 87 B2 00 00 00 00 2E 5E 86 B2 00 00 00 00 0D 11
17 00 3A 00 91 15 24 00 00 FE 3D 88 B2 00 00 00 00 02 02 86 B2 00 00 00 00 0E 11
17 00 3A 00 91 15 24 00 00 3F 31 88 B2 00 00 00 00 C1 0E 86 B2 00 00 00 00 0F 11
17 00 3A 00 91 15 24 00 00 43 21 88 B2 00 00 00 00 BD 1E 86 B2 00 00 00 00 10 11
17 00 3A 00 91 15 24 00 00 5C 16 88 B2 00 00 00 00 A4 29 86 B2 00 00 00 00 11 11
17 00 3A 00 91 15 24 00 00 B7 04 88 B2 00 00 00 00 49 3B 86 B2 00 00 00 00 12 11
17 00 3A 00 91 15 24 00 00 E8 FA 87 B2 00 00 00 00 18 45 86 B2 00 00 00 00 13 11
17 00 3A 00 91 15 24 00 00 73 E6 87 B2 00 00 00 00 8D 59 86 B2 00 00 00 00 14 11
17 00 3A 00 91 15 24 00 00 A4 45 88 B2 00 00 00 00 5C FA 85 B2 00 00 00 00 15 11
17 00 3A 00 91 15 24 00 00 B9 31 88 B2 00 00 00 00 47 0E 86 B2 00 00 00 00 16 11
03 00 3A 00 91 01 14
17 00 3A 00 91 15 24 00 00 0B 22 88 B2 00 00 00 00 F5 1D 86 B2 00 00 00 00 17 11
17 00 3A 00 91 15 24 00 00 03 15 88 B2 00 00 00 00 FD 2A 86 B2 00 00 00 00 18 11
17 00 3A 00 91 15 24 00 00 5F 06 88 B2 00 00 00 00 A1 39 86 B2 00 00 00 00 19 11
17 00 3A 00 91 15 24 00 00 7D FA 87 B2 00 00 00 00 83 45 86 B2 00 00 00 00 1A 11
17 00 3A 00 91 15 24 00 00 B7 EB 87 B2 00 00 00 00 49 54 86 B2 00 00 00 00 1B 11
17 00 3A 00 91 15 24 00 00 47 E0 87 B2 00 00 00 00 B9 5F 86 B2 00 00 00 00 1C 11
17 00 3A 00 91 15 24 00 00 5C 37 88 B2 00 00 00 00 A4 08 86 B2 00 00 00 00 1D 11
17 00 3A 00 91 15 24 00 00 B7 2A 88 B2 00 00 00 00 49 15 86 B2 00 00 00 00 1E 11
17 00 3A 00 91 15 24 00 00 70 1D 88 B2 00 00 00 00 90 22 86 B2 00 00 00 00 1F 11
17 00 3A 00 91 15 24 00 00 BA 10 88 B2 00 00 00 00 46 2F 86 B2 00 00 00 00 20 11
17 00 3A 00 91 15 24 00 00 04 03 88 B2 00 00 00 00 FC 3C 86 B2 00 00 00 00 21 11
17 00 3A 00 91 15 24 00 00 FC F7 87 B2 00 00 00 00 04 48 86 B2 00 00 00 00 22 11
17 00 3A 00 91 15 24 00 00 94 E9 87 B2 00 00 00 00 6C 56 86 B2 00 00 00 00 23 11
17 00 3A 00 91 15 24 00 00 60 DE 87 B2 00 00 00 00 A0 61 86 B2 00 00 00 00 24 11
17 00 3A 00 91 15 24 00 00 FB 35 88 B2 00 00 00 00 05 0A 86 B2 00 00 00 00 25 11
17 00 3A 00 91 15 24 00 00 B1 2A 88 B2 00 00 00 00 4F 15 86 B2 00 00 00 00 26 11
03 00 3A 00 91 01 14
17 00 3A 00 91 15 24 00 00 34 1C 88 B2 00 00 00 00 CC 23 86 B2 00 00 00 00 27 11
17 00 3A 00 91 15 24 00 00 6A 13 88 B2 00 00 00 00 96 2C 86 B2 00 00 00 00 28 11
17 00 3A 00 91 15 24 00 00 97 05 88 B2 00 00 00 00 69 3A 86 B2 00 00 00 00 29 11
17 00 3A 00 91 15 24 00 00 29 F9 87 B2 00 00 00 00 D7 46 86 B2 00 00 00 00 2A 11
17 00 3A 00 91 15 24 00 00 E3 F4 87 B2 00 00 00 00 1D 4B 86 B2 00 00 00 00 2B 11
17 00 3A 00 91 15 24 00 00 A9 E0 87 B2 00 00 00 00 57 5F 86 B2 00 00 00 00 2C 11
17 00 3A 00 91 15 24 00 00 A3 3F 88 B2 00 00 00 00 5D 00 86 B2 00 00 00 00 2D 11
17 00 3A 00 91 15 24 00 00 80 30 88 B2 00 00 00 00 80 0F 86 B2 00 00 00 00 2E 11
17 00 3A 00 91 15 24 00 00 2D 28 88 B2 00 00 00 00 D3 17 86 B2 00 00 00 00 2F 11
17 00 3A 00 91 15 24 00 00 09 1A 88 B2 00 00 00 00 F7 25 86 B2 00 00 00 00 30 11
17 00 3A 00 91 15 24 00 00 62 10 88 B2 00 00 00 00 9E 2F 86 B2 00 00 00 00 31 11
17 00 3A 00 91 15 24 00 00 50 10 88 B2 00 00 00 00 B0 2F 86 B2 00 00 00 00 32 11
17 00 3A 00 91 15 24 00 00 1C F9 87 B2 00 00 00 00 E4 46 86 B2 00 00 00 00 33 11
17 00 3A 00 91 15 24 00 00 90 ED 87 B2 00 00 00 00 70 52 86 B2 00 00 00 00 34 11
17 00 3A 00 91 15 24 00 00 EF E2 87 B2 00 00 00 00 11 5D 86 B2 00 00 00 00 35 11
03 00 3A 00 91 01 14
17 00 3A 00 91 15 24 00 00 F5 3D 88 B2 00 00 00 00 0B 02 86 B2 00 00 00 00 36 11
17 00 3A 00 91 15 24 00 00 16 33 88 B2 00 00 00 00 EA 0C 86 B2 00 00 00 00 37 11
17 00 3A 00 91 15 24 00 00 27 28 88 B2 00 00 00 00 D9 17 86 B2 00 00 00 00 38 11
17 00 3A 00 91 15 24 00 00 A5 1D 88 B2 00 00 00 00 5B 22 86 B2 00 00 00 00 39 11
17 00 3A 00 91 15 24 00 00 17 12 88 B2 00 00 00 00 E9 2D 86 B2 00 00 00 00 3A 11
17 00 3A 00 91 15 24 00 00 75 08 88 B2 00 00 00 00 8B 37 86 B2 00 00 00 00 3B 11
17 00 3A 00 91 15 24 00 00 CC FC 87 B2 00 00 00 00 34 43 86 B2 00 00 00 00 3C 11
17 00 3A 00 91 15 24 00 00 33 F3 87 B2 00 00 00 00 CD 4C 86 B2 00 00 00 00 3D 11
17 00 3A 00 91 15 24 00 00 EB E8 87 B2 00 00 00 00 15 57 86 B2 00 00 00 00 3E 11
17 00 3A 00 91 15 24 00 00 DE 45 88 B2 00 00 00 00 22 FA 85 B2 00 00 00 00 3F 11
17 00 3A 00 91 15 24 00 00 D4 36 88 B2 00 00 00 00 2C 09 86 B2 00 00 00 00 40 11
17 00 3A 00 91 15 24 00 00 9D 31 88 B2 00 00 00 00 63 0E 86 B2 00 00 00 00 41 11
17 00 3A 00 91 15 24 00 00 7B 27 88 B2 00 00 00 00 85 18 86 B2 00 00 00 00 42 11
17 00 3A 00 91 15 24 00 00 87 1E 88 B2 00 00 00 00 79 21 86 B2 00 00 00 00 43 11
17 00 3A 00 91 15 24 00 00 A6 13 88 B2 00 00 00 00 5A 2C 86 B2 00 00 00 00 44 11
17 00 3A 00 91 15 24 00 00 2F 08 88 B2 00 00 00 00 D1 37 86 B2 00 00 00 00 45 11
03 00 3A 00 91 01 14
17 00 3A 00 91 15 24 00 00 ED FE 87 B2 00 00 00 00 13 41 86 B2 00 00 00 00 46 11
17 00 3A 00 91 15 24 00 00 1B F7 87 B2 00 00 00 00 E5 48 86 B2 00 00 00 00 47 11
17 00 3A 00 91 15 24 00 00 78 EE 87 B2 00 00 00 00 88 51 86 B2 00 00 00 00 48 11
17 00 3A 00 91 15 24 00 00 F5 E4 87 B2 00 00 00 00 0B 5B 86 B2 00 00 00 00 49 11
17 00 3A 00 91 15 24 00 00 C2 42 88 B2 00 00 00 00 3E FD 85 B2 00 00 00 00 4A 11
17 00 3A 00 91 15 24 00 00 8A 38 88 B2 00 00 00 00 76 07 86 B2 00 00 00 00 4B 11
17 00 3A 00 91 15 24 00 00 43 31 88 B2 00 00 00 00 BD 0E 86 B2 00 00 00 00 4C 11
17 00 3A 00 91 15 24 00 00 D2 26 88 B2 00 00 00 00 2E 19 86 B2 00 00 00 00 4D 11
17 00 3A 00 91 15 24 00 00 31 20 88 B2 00 00 00 00 CF 1F 86 B2 00 00 00 00 4E 11
17 00 3A 00 91 15 24 00 00 0E 16 88 B2 00 00 00 00 F2 29 86 B2 00 00 00 00 4F 11
17 00 3A 00 91 15 24 00 00 F7 20 88 B2 00 00 00 00 09 1F 86 B2 00 00 00 00 50 11
17 00 3A 00 91 15 24 00 00 39 07 88 B2 00 00 00 00 C7 38 86 B2 00 00 00 00 51 11
17 00 3A 00 91 15 24 00 00 2B 00 88 B2 00 00 00 00 D5 3F 86 B2 00 00 00 00 52 11
17 00 3A 00 91 15 24 00 00 F6 F5 87 B2 00 00 00 00 0A 4A 86 B2 00 00 00 00 53 11
17 00 3A 00 91 15 24 16 00 00 00 00 00 00 00 00 00 00 00 00 00 00 00 00 00 54 11
17 00 3A 00 91 15 24 00 00 66 E9 87 B2 00 00 00 00 9A 56 86 B2 00 00 00 00 55 11
17 00 3A 00 91 15 24 00 00 C3 E0 87 B2 00 00 00 00 3D 5F 86 B2 00 00 00 00 56 11
17 00 3A 00 91 15 24 00 00 06 3D 88 B2 00 00 00 00 FA 02 86 B2 00 00 00 00 57 11
17 00 3A 00 91 15 24 00 00 27 38 88 B2 00 00 00 00 D9 07 86 B2 00 00 00 00 58 11
17 00 3A 00 91 15 24 00 00 84 30 88 B2 00 00 00 00 7C 0F 86 B2 00 00 00 00 59 11
17 00 3A 00 91 15 24 00 00 E0 38 88 B2 00 00 00 00 20 07 86 B2 00 00 00 00 5A 11
17 00 3A 00 91 15 24 00 00 BF 1D 88 B2 00 00 00 00 41 22 86 B2 00 00 00 00 5B 11
17 00 3A 00 91 15 24 0E 00 00 00 00 00 00 00 00 00 00 00 00 00 00 00 00 00 5C 11
17 00 3A 00 91 15 24 00 00 4B 13 88 B2 00 00 00 00 B5 2C 86 B2 00 00 00 00 5D 11
17 00 3A 00 91 15 24 00 00 EF 0E 88 B2 00 00 00 00 11 31 86 B2 00 00 00 00 5E 11
17 00 3A 00 91 15 24 00 00 77 07 88 B2 00 00 00 00 89 38 86 B2 00 00 00 00 5F 11
17 00 3A 00 91 15 24 00 00 F0 05 88 B2 00 00 00 00 10 3A 86 B2 00 00 00 00 60 11
17 00 3A 00 91 15 24 00 00 BE 6A 88 B2 00 00 00 00 42 D5 85 B2 00 00 00 00 61 11
17 00 3A 00 91 15 24 00 00 4F 58 88 B2 00 00 00 00 B1 E7 85 B2 00 00 00 00 62 11
17 00 3A 00 91 15 24 00 00 B9 E3 87 B2 00 00 00 00 47 5C 86 B2 00 00 00 00 63 11
17 00 3A 00 91 15 24 00 00 7E E5 87 B2 00 00 00 00 82 5A 86 B2 00 00 00 00 64 11
17 00 3A 00 91 15 24 00 00 7B 3E 88 B2 00 00 00 00 85 01 86 B2 00 00 00 00 65 11
17 00 3A 00 91 15 24 00 00 5C 4B 88 B2 00 00 00 00 A4 F4 85 B2 00 00 00 00 66 11
17 00 3A 00 91 15 24 00 00 46 2E 88 B2 00 00 00 00 BA 11 86 B2 00 00 00 00 67 11
17 00 3A 00 91 15 24 00 00 7D 3B 88 B2 00 00 00 00 83 04 86 B2 00 00 00 00 68 11
17 00 3A 00 91 15 24 00 00 8E 23 88 B2 00 00 00 00 72 1C 86 B2 00 00 00 00 69 11
17 00 3A 00 91 15 24 0E 00 00 00 00 00 00 00 00 00 00 00 00 00 00 00 00 00 6A 11
17 00 3A 00 91 15 24 00 00 CB 18 88 B2 00 00 00 00 35 27 86 B2 00 00 00 00 6B 11
17 00 3A 00 91 15 24 0E 00 00 00 00 00 00 00 00 00 00 00 00 00 00 00 00 00 6C 11
17 00 3A 00 91 15 24 00 00 49 09 88 B2 00 00 00 00 B7 36 86 B2 00 00 00 00 6D 11
17 00 3A 00 91 15 24 0E 00 00 00 00 00 00 00 00 00 00 00 00 00 00 00 00 00 6E 11
17 00 3A 00 91 15 24 00 00 1B FD 87 B2 00 00 00 00 E5 42 86 B2 00 00 00 00 6F 11
17 00 3A 00 91 15 24 00 00 29 09 88 B2 00 00 00 00 D7 36 86 B2 00 00 00 00 70 11
17 00 3A 00 91 15 24 0E 00 00 00 00 00 00 00 00 00 00 00 00 00 00 00 00 00 71 11
17 00 3A 00 91 15 24 0E 00 00 00 00 00 00 00 00 00 00 00 00 00 00 00 00 00 72 11
17 00 3A 00 91 15 24 00 00 FC 4F 88 B2 00 00 00 00 04 F0 85 B2 00 00 00 00 73 11
17 00 3A 00 91 15 24 00 00 AF 5C 88 B2 00 00 00 00 51 E3 85 B2 00 00 00 00 74 11
17 00 3A 00 91 15 24 00 00 29 48 88 B2 00 00 00 00 D7 F7 85 B2 00 00 00 00 75 11
17 00 3A 00 91 15 24 16 00 00 00 00 00 00 00 00 00 00 00 00 00 00 00 00 00 76 11
17 00 3A 00 91 15 24 00 00 8E 3C 88 B2 00 00 00 00 72 03 86 B2 00 00 00 00 77 11
17 00 3A 00 91 15 24 00 00 F1 47 88 B2 00 00 00 00 0F F8 85 B2 00 00 00 00 78 11
17 00 3A 00 91 15 24 00 00 0F 31 88 B2 00 00 00 00 F1 0E 86 B2 00 00 00 00 79 11
17 00 3A 00 91 15 24 00 00 AB 3F 88 B2 00 00 00 00 55 00 86 B2 00 00 00 00 7A 11
17 00 3A 00 91 15 24 00 00 73 28 88 B2 00 00 00 00 8D 17 86 B2 00 00 00 00 7B 11
17 00 3A 00 91 15 24 00 00 29 34 88 B2 00 00 00 00 D7 0B 86 B2 00 00 00 00 7C 11
17 00 3A 00 91 15 24 00 00 76 1C 88 B2 00 00 00 00 8A 23 86 B2 00 00 00 00 7D 11
17 00 3A 00 91 15 24 00 00 78 1D 88 B2 00 00 00 00 88 22 86 B2 00 00 00 00 7E 11
17 00 3A 00 91 15 24 00 00 FB 10 88 B2 00 00 00 00 05 2F 86 B2 00 00 00 00 7F 11
17 00 3A 00 91 15 24 00 00 E0 20 88 B2 00 00 00 00 20 1F 86 B2 00 00 00 00 80 11
17 00 3A 00 91 15 24 00 00 09 07 88 B2 00 00 00 00 F7 38 86 B2 00 00 00 00 81 11
17 00 3A 00 91 15 24 00 00 E8 16 88 B2 00 00 00 00 18 29 86 B2 00 00 00 00 82 11
17 00 3A 00 91 15 24 00 00 7E 00 88 B2 00 00 00 00 82 3F 86 B2 00 00 00 00 83 11
17 00 3A 00 91 15 24 00 00 A1 0B 88 B2 00 00 00 00 5F 34 86 B2 00 00 00 00 84 11
17 00 3A 00 91 15 24 00 00 A7 F4 87 B2 00 00 00 00 59 4B 86 B2 00 00 00 00 85 11
17 00 3A 00 91 15 24 00 00 E9 FF 87 B2 00 00 00 00 17 40 86 B2 00 00 00 00 86 11
17 00 3A 00 91 15 24 00 00 F1 50 88 B2 00 00 00 00 0F EF 85 B2 00 00 00 00 87 11
17 00 3A 00 91 15 24 00 00 96 F8 87 B2 00 00 00 00 6A 47 86 B2 00 00 00 00 88 11
17 00 3A 00 91 15 24 00 00 EE 47 88 B2 00 00 00 00 12 F8 85 B2 00 00 00 00 89 11
17 00 3A 00 91 15 24 00 00 BE 56 88 B2 00 00 00 00 42 E9 85 B2 00 00 00 00 8A 11
17 00 3A 00 91 15 24 00 00 E3 3F 88 B2 00 00 00 00 1D 00 86 B2 00 00 00 00 8B 11
17 00 3A 00 91 15 24 00 00 EA 3E 88 B2 00 00 00 00 16 01 86 B2 00 00 00 00 8C 11
17 00 3A 00 91 15 24 00 00 C1 37 88 B2 00 00 00 00 3F 08 86 B2 00 00 00 00 8D 11
17 00 3A 00 91 15 24 00 00 D7 34 88 B2 00 00 00 00 29 0B 86 B2 00 00 00 00 8E 11
17 00 3A 00 91 15 24 00 00 33 31 88 B2 00 00 00 00 CD 0E 86 B2 00 00 00 00 8F 11
17 00 3A 00 91 15 24 00 00 FF 2E 88 B2 00 00 00 00 01 11 86 B2 00 00 00 00 90 11
17 00 3A 00 91 15 24 00 00 BB 27 88 B2 00 00 00 00 45 18 86 B2 00 00 00 00 91 11
17 00 3A 00 91 15 24 0E 00 00 00 00 00 00 00 00 00 00 00 00 00 00 00 00 00 92 11
17 00 3A 00 91 15 24 00 00 EC 20 88 B2 00 00 00 00 14 1F 86 B2 00 00 00 00 93 11
17 00 3A 00 91 15 24 00 00 27 21 88 B2 00 00 00 00 D9 1E 86 B2 00 00 00 00 94 11
17 00 3A 00 91 15 24 00 00 B2 17 88 B2 00 00 00 00 4E 28 86 B2 00 00 00 00 95 11
17 00 3A 00 91 15 24 00 00 5F 1E 88 B2 00 00 00 00 A1 21 86 B2 00 00 00 00 96 11
17 00 3A 00 91 15 24 0E 00 00 00 00 00 00 00 00 00 00 00 00 00 00 00 00 00 97 11
17 00 3A 00 91 15 24 00 00 25 16 88 B2 00 00 00 00 DB 29 86 B2 00 00 00 00 98 11
17 00 3A 00 91 15 24 00 00 7C 08 88 B2 00 00 00 00 84 37 86 B2 00 00 00 00 99 11
17 00 3A 00 91 15 24 00 00 8A 10 88 B2 00 00 00 00 76 2F 86 B2 00 00 00 00 9A 11
17 00 3A 00 91 15 24 00 00 06 09 88 B2 00 00 00 00 FA 36 86 B2 00 00 00 00 9B 11
17 00 3A 00 91 15 24 00 00 ED 07 88 B2 00 00 00 00 13 38 86 B2 00 00 00 00 9C 11
17 00 3A 00 91 15 24 00 00 61 FB 87 B2 00 00 00 00 9F 44 86 B2 00 00 00 00 9D 11
17 00 3A 00 91 15 24 00 00 8B 02 88 B2 00 00 00 00 75 3D 86 B2 00 00 00 00 9E 11
17 00 3A 00 91 15 24 00 00 B4 F4 87 B2 00 00 00 00 4C 4B 86 B2 00 00 00 00 9F 11
17 00 3A 00 91 15 24 00 00 3C 00 88 B2 00 00 00 00 C4 3F 86 B2 00 00 00 00 A0 11
17 00 3A 00 91 15 24 00 00 4B F0 87 B2 00 00 00 00 B5 4F 86 B2 00 00 00 00 A1 11
17 00 3A 00 91 15 24 00 00 63 5E 88 B2 00 00 00 00 9D E1 85 B2 00 00 00 00 A2 11
17 00 3A 00 91 15 24 00 00 0D EA 87 B2 00 00 00 00 F3 55 86 B2 00 00 00 00 A3 11
17 00 3A 00 91 15 24 00 00 9A 54 88 B2 00 00 00 00 66 EB 85 B2 00 00 00 00 A4 11
17 00 3A 00 91 15 24 0E 00 00 00 00 00 00 00 00 00 00 00 00 00 00 00 00 00 A5 11
17 00 3A 00 91 15 24 00 00 63 F8 87 B2 00 00 00 00 9D 47 86 B2 00 00 00 00 A6 11
17 00 3A 00 91 15 24 00 00 3C 48 88 B2 00 00 00 00 C4 F7 85 B2 00 00 00 00 A7 11
17 00 3A 00 91 15 24 00 00 40 4C 88 B2 00 00 00 00 C0 F3 85 B2 00 00 00 00 A8 11
17 00 3A 00 91 15 24 00 00 7B 45 88 B2 00 00 00 00 85 FA 85 B2 00 00 00 00 A9 11
17 00 3A 00 91 15 24 00 00 49 48 88 B2 00 00 00 00 B7 F7 85 B2 00 00 00 00 AA 11
17 00 3A 00 91 15 24 00 00 65 3A 88 B2 00 00 00 00 9B 05 86 B2 00 00 00 00 AB 11
17 00 3A 00 91 15 24 00 00 46 39 88 B2 00 00 00 00 BA 06 86 B2 00 00 00 00 AC 11
17 00 3A 00 91 15 24 00 00 76 33 88 B2 00 00 00 00 8A 0C 86 B2 00 00 00 00 AD 11
17 00 3A 00 91 15 24 00 00 50 3D 88 B2 00 00 00 00 B0 02 86 B2 00 00 00 00 AE 11
17 00 3A 00 91 15 24 00 00 E7 2F 88 B2 00 00 00 00 19 10 86 B2 00 00 00 00 AF 11
17 00 3A 00 91 15 24 00 00 F5 34 88 B2 00 00 00 00 0B 0B 86 B2 00 00 00 00 B0 11
17 00 3A 00 91 15 24 00 00 38 2F 88 B2 00 00 00 00 C8 10 86 B2 00 00 00 00 B1 11
17 00 3A 00 91 15 24 00 00 82 2A 88 B2 00 00 00 00 7E 15 86 B2 00 00 00 00 B2 11
17 00 3A 00 91 15 24 00 00 34 2A 88 B2 00 00 00 00 CC 15 86 B2 00 00 00 00 B3 11
17 00 3A 00 91 15 24 00 00 92 25 88 B2 00 00 00 00 6E 1A 86 B2 00 00 00 00 B4 11
17 00 3A 00 91 15 24 00 00 5C 21 88 B2 00 00 00 00 A4 1E 86 B2 00 00 00 00 B5 11
17 00 3A 00 91 15 24 00 00 57 22 88 B2 00 00 00 00 A9 1D 86 B2 00 00 00 00 B6 11
17 00 3A 00 91 15 24 00 00 08 22 88 B2 00 00 00 00 F8 1D 86 B2 00 00 00 00 B7 11
17 00 3A 00 91 15 24 00 00 4F 1F 88 B2 00 00 00 00 B1 20 86 B2 00 00 00 00 B8 11
17 00 3A 00 91 15 24 00 00 AB 1F 88 B2 00 00 00 00 55 20 86 B2 00 00 00 00 B9 11
17 00 3A 00 91 15 24 0E 00 00 00 00 00 00 00 00 00 00 00 00 00 00 00 00 00 BA 11
17 00 3A 00 91 15 24 00 00 D7 1E 88 B2 00 00 00 00 29 21 86 B2 00 00 00 00 BB 11
17 00 3A 00 91 15 24 00 00 9F 1C 88 B2 00 00 00 00 61 23 86 B2 00 00 00 00 BC 11
17 00 3A 00 91 15 24 00 00 E7 1F 88 B2 00 00 00 00 19 20 86 B2 00 00 00 00 BD 11
17 00 3A 00 91 15 24 00 00 CB 23 88 B2 00 00 00 00 35 1C 86 B2 00 00 00 00 BE 11
17 00 3A 00 91 15 24 00 00 91 18 88 B2 00 00 00 00 6F 27 86 B2 00 00 00 00 BF 11
17 00 3A 00 91 15 24 16 00 00 00 00 00 00 00 00 00 00 00 00 00 00 00 00 00 C0 11
17 00 3A 00 91 15 24 00 00 EB 20 88 B2 00 00 00 00 15 1F 86 B2 00 00 00 00 C1 11
17 00 3A 00 91 15 24 00 00 6F 28 88 B2 00 00 00 00 91 17 86 B2 00 00 00 00 C2 11
17 00 3A 00 91 15 24 00 00 30 1D 88 B2 00 00 00 00 D0 22 86 B2 00 00 00 00 C3 11
17 00 3A 00 91 15 24 00 00 FC 28 88 B2 00 00 00 00 04 17 86 B2 00 00 00 00 C4 11
17 00 3A 00 91 15 24 00 00 B4 1D 88 B2 00 00 00 00 4C 22 86 B2 00 00 00 00 C5 11
17 00 3A 00 91 15 24 00 00 0A 29 88 B2 00 00 00 00 F6 16 86 B2 00 00 00 00 C6 11
17 00 3A 00 91 15 24 00 00 CD 1F 88 B2 00 00 00 00 33 20 86 B2 00 00 00 00 C7 11
17 00 3A 00 91 15 24 00 00 72 28 88 B2 00 00 00 00 8E 17 86 B2 00 00 00 00 C8 11
17 00 3A 00 91 15 24 00 00 69 22 88 B2 00 00 00 00 97 1D 86 B2 00 00 00 00 C9 11
17 00 3A 00 91 15 24 00 00 F9 2E 88 B2 00 00 00 00 07 11 86 B2 00 00 00 00 CA 11
17 00 3A 00 91 15 24 00 00 28 26 88 B2 00 00 00 00 D8 19 86 B2 00 00 00 00 CB 11
17 00 3A 00 91 15 24 00 00 2A 32 88 B2 00 00 00 00 D6 0D 86 B2 00 00 00 00 CC 11
17 00 3A 00 91 15 24 00 00 E0 29 88 B2 00 00 00 00 20 16 86 B2 00 00 00 00 CD 11
17 00 3A 00 91 15 24 16 00 00 00 00 00 00 00 00 00 00 00 00 00 00 00 00 00 CE 11
17 00 3A 00 91 15 24 00 00 B7 2E 88 B2 00 00 00 00 49 11 86 B2 00 00 00 00 CF 11
17 00 3A 00 91 15 24 00 00 26 3D 88 B2 00 00 00 00 DA 02 86 B2 00 00 00 00 D0 11
17 00 3A 00 91 15 24 00 00 B8 32 88 B2 00 00 00 00 48 0D 86 B2 00 00 00 00 D1 11
17 00 3A 00 91 15 24 00 00 DA 40 88 B2 00 00 00 00 26 FF 85 B2 00 00 00 00 D2 11
17 00 3A 00 91 15 24 00 00 47 37 88 B2 00 00 00 00 B9 08 86 B2 00 00 00 00 D3 11
17 00 3A 00 91 15 24 00 00 56 45 88 B2 00 00 00 00 AA FA 85 B2 00 00 00 00 D4 11
17 00 3A 00 91 15 24 00 00 C2 3B 88 B2 00 00 00 00 3E 04 86 B2 00 00 00 00 D5 11
17 00 3A 00 91 15 24 00 00 87 4A 88 B2 00 00 00 00 79 F5 85 B2 00 00 00 00 D6 11
17 00 3A 00 91 15 24 00 00 82 40 88 B2 00 00 00 00 7E FF 85 B2 00 00 00 00 D7 11
17 00 3A 00 91 15 24 00 00 24 4E 88 B2 00 00 00 00 DC F1 85 B2 00 00 00 00 D8 11
17 00 3A 00 91 15 24 00 00 A8 45 88 B2 00 00 00 00 58 FA 85 B2 00 00 00 00 D9 11
17 00 3A 00 91 15 24 00 00 27 E6 87 B2 00 00 00 00 D9 59 86 B2 00 00 00 00 DA 11
17 00 3A 00 91 15 24 00 00 E2 E6 87 B2 00 00 00 00 1E 59 86 B2 00 00 00 00 DB 11
17 00 3A 00 91 15 24 00 00 46 F3 87 B2 00 00 00 00 BA 4C 86 B2 00 00 00 00 DC 11
17 00 3A 00 91 15 24 00 00 A5 51 88 B2 00 00 00 00 5B EE 85 B2 00 00 00 00 DD 11
17 00 3A 00 91 15 24 00 00 43 FA 87 B2 00 00 00 00 BD 45 86 B2 00 00 00 00 DE 11
17 00 3A 00 91 15 24 00 00 21 F2 87 B2 00 00 00 00 DF 4D 86 B2 00 00 00 00 DF 11
17 00 3A 00 91 15 24 00 00 FD FF 87 B2 00 00 00 00 03 40 86 B2 00 00 00 00 E0 11
17 00 3A 00 91 15 24 00 00 38 F8 87 B2 00 00 00 00 C8 47 86 B2 00 00 00 00 E1 11
17 00 3A 00 91 15 24 00 00 E5 06 88 B2 00 00 00 00 1B 39 86 B2 00 00 00 00 E2 11
17 00 3A 00 91 15 24 00 00 D6 FF 87 B2 00 00 00 00 2A 40 86 B2 00 00 00 00 E3 11
17 00 3A 00 91 15 24 00 00 88 0D 88 B2 00 00 00 00 78 32 86 B2 00 00 00 00 E4 11
17 00 3A 00 91 15 24 00 00 FA 07 88 B2 00 00 00 00 06 38 86 B2 00 00 00 00 E5 11
17 00 3A 00 91 15 24 00 00 46 15 88 B2 00 00 00 00 BA 2A 86 B2 00 00 00 00 E6 11
17 00 3A 00 91 15 24 00 00 AD 0F 88 B2 00 00 00 00 53 30 86 B2 00 00 00 00 E7 11
17 00 3A 00 91 15 24 00 00 2F 1D 88 B2 00 00 00 00 D1 22 86 B2 00 00 00 00 E8 11
17 00 3A 00 91 15 24 00 00 D4 16 88 B2 00 00 00 00 2C 29 86 B2 00 00 00 00 E9 11
17 00 3A 00 91 15 24 00 00 4C 25 88 B2 00 00 00 00 B4 1A 86 B2 00 00 00 00 EA 11
17 00 3A 00 91 15 24 00 00 07 20 88 B2 00 00 00 00 F9 1F 86 B2 00 00 00 00 EB 11
17 00 3A 00 91 15 24 00 00 28 2C 88 B2 00 00 00 00 D8 13 86 B2 00 00 00 00 EC 11
17 00 3A 00 91 15 24 00 00 45 29 88 B2 00 00 00 00 BB 16 86 B2 00 00 00 00 ED 11
17 00 3A 00 91 15 24 00 00 3F 2F 88 B2 00 00 00 00 C1 10 86 B2 00 00 00 00 EE 11
17 00 3A 00 91 15 24 00 00 E7 35 88 B2 00 00 00 00 19 0A 86 B2 00 00 00 00 EF 11
17 00 3A 00 91 15 24 00 00 EA 3F 88 B2 00 00 00 00 16 00 86 B2 00 00 00 00 F0 11
17 00 3A 00 91 15 24 00 00 1A 3E 88 B2 00 00 00 00 E6 01 86 B2 00 00 00 00 F1 11
17 00 3A 00 91 15 24 00 00 A9 4A 88 B2 00 00 00 00 57 F5 85 B2 00 00 00 00 F2 11
17 00 3A 00 91 15 24 00 00 80 47 88 B2 00 00 00 00 80 F8 85 B2 00 00 00 00 F3 11
17 00 3A 00 91 15 24 00 00 DB EA 87 B2 00 00 00 00 25 55 86 B2 00 00 00 00 F4 11
17 00 3A 00 91 15 24 00 00 43 EC 87 B2 00 00 00 00 BD 53 86 B2 00 00 00 00 F5 11
17 00 3A 00 91 15 24 16 00 00 00 00 00 00 00 00 00 00 00 00 00 00 00 00 00 F6 11
17 00 3A 00 91 15 24 00 00 87 F8 87 B2 00 00 00 00 79 47 86 B2 00 00 00 00 F7 11
17 00 3A 00 91 15 24 00 00 63 00 88 B2 00 00 00 00 9D 3F 86 B2 00 00 00 00 F8 11
17 00 3A 00 91 15 24 00 00 3F 0A 88 B2 00 00 00 00 C1 35 86 B2 00 00 00 00 F9 11
17 00 3A 00 91 15 24 0E 00 00 00 00 00 00 00 00 00 00 00 00 00 00 00 00 00 FA 11
17 00 3A 00 91 15 24 00 00 44 17 88 B2 00 00 00 00 BC 28 86 B2 00 00 00 00 FB 11
17 00 3A 00 91 15 24 00 00 DC 24 88 B2 00 00 00 00 24 1B 86 B2 00 00 00 00 FC 11
17 00 3A 00 91 15 24 00 00 78 2A 88 B2 00 00 00 00 88 15 86 B2 00 00 00 00 FD 11
17 00 3A 00 91 15 24 00 00 1D 34 88 B2 00 00 00 00 E3 0B 86 B2 00 00 00 00 FE 11
17 00 3A 00 91 15 24 0E 00 00 00 00 00 00 00 00 00 00 00 00 00 00 00 00 00 FF 11
17 00 3A 00 91 15 24 00 00 2D 48 88 B2 00 00 00 00 D3 F7 85 B2 00 00 00 00 00 12
17 00 3A 00 91 15 24 0E 00 00 00 00 00 00 00 00 00 00 00 00 00 00 00 00 00 01 12
17 00 3A 00 91 15 24 00 00 6E 00 88 B2 00 00 00 00 92 3F 86 B2 00 00 00 00 02 12
17 00 3A 00 91 15 24 00 00 28 08 88 B2 00 00 00 00 D8 37 86 B2 00 00 00 00 03 12
17 00 3A 00 91 15 24 00 00 26 0F 88 B2 00 00 00 00 DA 30 86 B2 00 00 00 00 04 12
03 00 3A 00 91 01 14
17 00 3A 00 91 15 24 00 00 AE 1F 88 B2 00 00 00 00 52 20 86 B2 00 00 00 00 05 12
17 00 3A 00 91 15 24 00 00 F5 29 88 B2 00 00 00 00 0B 16 86 B2 00 00 00 00 06 12
17 00 3A 00 91 15 24 00 00 E5 3A 88 B2 00 00 00 00 1B 05 86 B2 00 00 00 00 07 12
17 00 3A 00 91 15 24 00 00 C3 E2 87 B2 00 00 00 00 3D 5D 86 B2 00 00 00 00 08 12
17 00 3A 00 91 15 24 00 00 85 EE 87 B2 00 00 00 00 7B 51 86 B2 00 00 00 00 09 12
17 00 3A 00 91 15 24 00 00 EE FD 87 B2 00 00 00 00 12 42 86 B2 00 00 00 00 0A 12
17 00 3A 00 91 15 24 00 00 4A 10 88 B2 00 00 00 00 B6 2F 86 B2 00 00 00 00 0B 12
17 00 3A 00 91 15 24 00 00 D2 1D 88 B2 00 00 00 00 2E 22 86 B2 00 00 00 00 0C 12
17 00 3A 00 91 15 24 00 00 06 32 88 B2 00 00 00 00 FA 0D 86 B2 00 00 00 00 0D 12
17 00 3A 00 91 15 24 00 00 DD 40 88 B2 00 00 00 00 23 FF 85 B2 00 00 00 00 0E 12
17 00 3A 00 91 15 24 00 00 55 F0 87 B2 00 00 00 00 AB 4F 86 B2 00 00 00 00 0F 12
17 00 3A 00 91 15 24 00 00 5B FC 87 B2 00 00 00 00 A5 43 86 B2 00 00 00 00 10 12
17 00 3A 00 91 15 24 00 00 5D 12 88 B2 00 00 00 00 A3 2D 86 B2 00 00 00 00 11 12
17 00 3A 00 91 15 24 00 00 5A 1F 88 B2 00 00 00 00 A6 20 86 B2 00 00 00 00 12 12
17 00 3A 00 91 15 24 00 00 6C 36 88 B2 00 00 00 00 94 09 86 B2 00 00 00 00 13 12
17 00 3A 00 91 15 24 00 00 EA 47 88 B2 00 00 00 00 16 F8 85 B2 00 00 00 00 14 12
03 00 3A 00 91 01 14
17 00 3A 00 91 15 24 00 00 57 F6 87 B2 00 00 00 00 A9 49 86 B2 00 00 00 00 15 12
17 00 3A 00 91 15 24 00 00 54 07 88 B2 00 00 00 00 AC 38 86 B2 00 00 00 00 16 12
17 00 3A 00 91 15 24 00 00 F0 1C 88 B2 00 00 00 00 10 23 86 B2 00 00 00 00 17 12
17 00 3A 00 91 15 24 00 00 45 2C 88 B2 00 00 00 00 BB 13 86 B2 00 00 00 00 18 12
17 00 3A 00 91 15 24 00 00 1B 43 88 B2 00 00 00 00 E5 FC 85 B2 00 00 00 00 19 12
17 00 3A 00 91 15 24 00 00 59 ED 87 B2 00 00 00 00 A7 52 86 B2 00 00 00 00 1A 12
17 00 3A 00 91 15 24 00 00 C6 03 88 B2 00 00 00 00 3A 3C 86 B2 00 00 00 00 1B 12
17 00 3A 00 91 15 24 00 00 3B 22 88 B2 00 00 00 00 C5 1D 86 B2 00 00 00 00 1C 12
17 00 3A 00 91 15 24 00 00 36 2B 88 B2 00 00 00 00 CA 14 86 B2 00 00 00 00 1D 12
17 00 3A 00 91 15 24 00 00 CC 43 88 B2 00 00 00 00 34 FC 85 B2 00 00 00 00 1E 12
17 00 3A 00 91 15 24 00 00 30 EE 87 B2 00 00 00 00 D0 51 86 B2 00 00 00 00 1F 12
17 00 3A 00 91 15 24 00 00 9D 0D 88 B2 00 00 00 00 63 32 86 B2 00 00 00 00 20 12
17 00 3A 00 91 15 24 00 00 98 17 88 B2 00 00 00 00 68 28 86 B2 00 00 00 00 21 12
17 00 3A 00 91 15 24 00 00 33 2E 88 B2 00 00 00 00 CD 11 86 B2 00 00 00 00 22 12
17 00 3A 00 91 15 24 00 00 A1 3F 88 B2 00 00 00 00 5F 00 86 B2 00 00 00 00 23 12
17 00 3A 00 91 15 24 00 00 87 F0 87 B2 00 00 00 00 79 4F 86 B2 00 00 00 00 24 12
17 00 3A 00 91 15 24 00 00 A3 04 88 B2 00 00 00 00 5D 3B 86 B2 00 00 00 00 25 12
17 00 3A 00 91 15 24 00 00 B7 21 88 B2 00 00 00 00 49 1E 86 B2 00 00 00 00 26 12
17 00 3A 00 91 15 24 00 00 B9 2D 88 B2 00 00 00 00 47 12 86 B2 00 00 00 00 27 12
17 00 3A 00 91 15 24 00 00 AD 45 88 B2 00 00 00 00 53 FA 85 B2 00 00 00 00 28 12
17 00 3A 00 91 15 24 00 00 CD EF 87 B2 00 00 00 00 33 50 86 B2 00 00 00 00 29 12
17 00 3A 00 91 15 24 00 00 C1 07 88 B2 00 00 00 00 3F 38 86 B2 00 00 00 00 2A 12
17 00 3A 00 91 15 24 00 00 BF 1B 88 B2 00 00 00 00 41 24 86 B2 00 00 00 00 2B 12
17 00 3A 00 91 15 24 00 00 4A 37 88 B2 00 00 00 00 B6 08 86 B2 00 00 00 00 2C 12
17 00 3A 00 91 15 24 00 00 98 45 88 B2 00 00 00 00 68 FA 85 B2 00 00 00 00 2D 12
17 00 3A 00 91 15 24 00 00 44 F6 87 B2 00 00 00 00 BC 49 86 B2 00 00 00 00 2E 12
17 00 3A 00 91 15 24 00 00 11 09 88 B2 00 00 00 00 EF 36 86 B2 00 00 00 00 2F 12
17 00 3A 00 91 15 24 00 00 F7 23 88 B2 00 00 00 00 09 1C 86 B2 00 00 00 00 30 12
17 00 3A 00 91 15 24 00 00 85 33 88 B2 00 00 00 00 7B 0C 86 B2 00 00 00 00 31 12
17 00 3A 00 91 15 24 00 00 B4 4E 88 B2 00 00 00 00 4C F1 85 B2 00 00 00 00 32 12
17 00 3A 00 91 15 24 00 00 AE F7 87 B2 00 00 00 00 52 48 86 B2 00 00 00 00 33 12
17 00 3A 00 91 15 24 00 00 13 14 88 B2 00 00 00 00 ED 2B 86 B2 00 00 00 00 34 12
17 00 3A 00 91 15 24 00 00 EA 20 88 B2 00 00 00 00 16 1F 86 B2 00 00 00 00 35 12
17 00 3A 00 91 15 24 00 00 F9 35 88 B2 00 00 00 00 07 0A 86 B2 00 00 00 00 36 12
17 00 3A 00 91 15 24 00 00 08 4A 88 B2 00 00 00 00 F8 F5 85 B2 00 00 00 00 37 12
17 00 3A 00 91 15 24 00 00 C1 03 88 B2 00 00 00 00 3F 3C 86 B2 00 00 00 00 38 12
17 00 3A 00 91 15 24 00 00 5A 0E 88 B2 00 00 00 00 A6 31 86 B2 00 00 00 00 39 12
17 00 3A 00 91 15 24 00 00 5C 23 88 B2 00 00 00 00 A4 1C 86 B2 00 00 00 00 3A 12
17 00 3A 00 91 15 24 00 00 0B 38 88 B2 00 00 00 00 F5 07 86 B2 00 00 00 00 3B 12
17 00 3A 00 91 15 24 00 00 87 EB 87 B2 00 00 00 00 79 54 86 B2 00 00 00 00 3C 12
17 00 3A 00 91 15 24 00 00 CF FC 87 B2 00 00 00 00 31 43 86 B2 00 00 00 00 3D 12
17 00 3A 00 91 15 24 00 00 FC 13 88 B2 00 00 00 00 04 2C 86 B2 00 00 00 00 3E 12
17 00 3A 00 91 15 24 00 00 6C 25 88 B2 00 00 00 00 94 1A 86 B2 00 00 00 00 3F 12
17 00 3A 00 91 15 24 00 00 1E 3D 88 B2 00 00 00 00 E2 02 86 B2 00 00 00 00 40 12
17 00 3A 00 91 15 24 00 00 29 EC 87 B2 00 00 00 00 D7 53 86 B2 00 00 00 00 41 12
17 00 3A 00 91 15 24 00 00 61 02 88 B2 00 00 00 00 9F 3D 86 B2 00 00 00 00 42 12
17 00 3A 00 91 15 24 00 00 8A 16 88 B2 00 00 00 00 76 29 86 B2 00 00 00 00 43 12
17 00 3A 00 91 15 24 00 00 F4 2D 88 B2 00 00 00 00 0C 12 86 B2 00 00 00 00 44 12
17 00 3A 00 91 15 24 00 00 B8 40 88 B2 00 00 00 00 48 FF 85 B2 00 00 00 00 45 12
17 00 3A 00 91 15 24 00 00 A1 F7 87 B2 00 00 00 00 5F 48 86 B2 00 00 00 00 46 12
17 00 3A 00 91 15 24 00 00 46 05 88 B2 00 00 00 00 BA 3A 86 B2 00 00 00 00 47 12
17 00 3A 00 91 15 24 00 00 4C 1A 88 B2 00 00 00 00 B4 25 86 B2 00 00 00 00 48 12
17 00 3A 00 91 15 24 00 00 F1 2E 88 B2 00 00 00 00 0F 11 86 B2 00 00 00 00 49 12
17 00 3A 00 91 15 24 00 00 1B 46 88 B2 00 00 00 00 E5 F9 85 B2 00 00 00 00 4A 12
17 00 3A 00 91 15 24 00 00 C9 F2 87 B2 00 00 00 00 37 4D 86 B2 00 00 00 00 4B 12
17 00 3A 00 91 15 24 00 00 F9 09 88 B2 00 00 00 00 07 36 86 B2 00 00 00 00 4C 12
17 00 3A 00 91 15 24 00 00 95 1C 88 B2 00 00 00 00 6B 23 86 B2 00 00 00 00 4D 12
17 00 3A 00 91 15 24 00 00 CC 35 88 B2 00 00 00 00 34 0A 86 B2 00 00 00 00 4E 12
17 00 3A 00 91 15 24 00 00 4F 48 88 B2 00 00 00 00 B1 F7 85 B2 00 00 00 00 4F 12
17 00 3A 00 91 15 24 00 00 8B F9 87 B2 00 00 00 00 75 46 86 B2 00 00 00 00 50 12
17 00 3A 00 91 15 24 00 00 F2 0C 88 B2 00 00 00 00 0E 33 86 B2 00 00 00 00 51 12
17 00 3A 00 91 15 24 00 00 A1 27 88 B2 00 00 00 00 5F 18 86 B2 00 00 00 00 52 12
17 00 3A 00 91 15 24 00 00 B9 36 88 B2 00 00 00 00 47 09 86 B2 00 00 00 00 53 12
17 00 3A 00 91 15 24 00 00 A3 4B 88 B2 00 00 00 00 5D F4 85 B2 00 00 00 00 54 12
17 00 3A 00 91 15 24 00 00 7E FA 87 B2 00 00 00 00 82 45 86 B2 00 00 00 00 55 12
17 00 3A 00 91 15 24 00 00 7E 17 88 B2 00 00 00 00 82 28 86 B2 00 00 00 00 56 12
17 00 3A 00 91 15 24 00 00 31 23 88 B2 00 00 00 00 CF 1C 86 B2 00 00 00 00 57 12
17 00 3A 00 91 15 24 00 00 27 40 88 B2 00 00 00 00 D9 FF 85 B2 00 00 00 00 58 12
17 00 3A 00 91 15 24 00 00 1A E8 87 B2 00 00 00 00 E6 57 86 B2 00 00 00 00 59 12
17 00 3A 00 91 15 24 00 00 2D 02 88 B2 00 00 00 00 D3 3D 86 B2 00 00 00 00 5A 12
17 00 3A 00 91 15 24 00 00 BB 0F 88 B2 00 00 00 00 45 30 86 B2 00 00 00 00 5B 12
17 00 3A 00 91 15 24 00 00 E0 27 88 B2 00 00 00 00 20 18 86 B2 00 00 00 00 5C 12
17 00 3A 00 91 15 24 00 00 23 3C 88 B2 00 00 00 00 DD 03 86 B2 00 00 00 00 5D 12
17 00 3A 00 91 15 24 00 00 75 EC 87 B2 00 00 00 00 8B 53 86 B2 00 00 00 00 5E 12
17 00 3A 00 91 15 24 00 00 D9 FF 87 B2 00 00 00 00 27 40 86 B2 00 00 00 00 5F 12
17 00 3A 00 91 15 24 00 00 54 14 88 B2 00 00 00 00 AC 2B 86 B2 00 00 00 00 60 12
17 00 3A 00 91 15 24 00 00 5F 28 88 B2 00 00 00 00 A1 17 86 B2 00 00 00 00 61 12
17 00 3A 00 91 15 24 00 00 D8 43 88 B2 00 00 00 00 28 FC 85 B2 00 00 00 00 62 12
17 00 3A 00 91 15 24 00 00 76 ED 87 B2 00 00 00 00 8A 52 86 B2 00 00 00 00 63 12
03 00 3A 00 91 01 14
17 00 3A 00 91 15 24 00 00 55 09 88 B2 00 00 00 00 AB 36 86 B2 00 00 00 00 64 12
17 00 3A 00 91 15 24 00 00 D2 16 88 B2 00 00 00 00 2E 29 86 B2 00 00 00 00 65 12
17 00 3A 00 91 15 24 00 00 2A 2C 88 B2 00 00 00 00 D6 13 86 B2 00 00 00 00 66 12
17 00 3A 00 91 15 24 00 00 1F 3F 88 B2 00 00 00 00 E1 00 86 B2 00 00 00 00 67 12
17 00 3A 00 91 15 24 00 00 2C F7 87 B2 00 00 00 00 D4 48 86 B2 00 00 00 00 68 12
17 00 3A 00 91 15 24 0E 00 00 00 00 00 00 00 00 00 00 00 00 00 00 00 00 00 69 12
17 00 3A 00 91 15 24 00 00 13 21 88 B2 00 00 00 00 ED 1E 86 B2 00 00 00 00 6A 12
17 00 3A 00 91 15 24 0E 00 00 00 00 00 00 00 00 00 00 00 00 00 00 00 00 00 6B 12
17 00 3A 00 91 15 24 00 00 5C 44 88 B2 00 00 00 00 A4 FB 85 B2 00 00 00 00 6C 12
17 00 3A 00 91 15 24 00 00 0F FA 87 B2 00 00 00 00 F1 45 86 B2 00 00 00 00 6D 12
17 00 3A 00 91 15 24 00 00 0E 10 88 B2 00 00 00 00 F2 2F 86 B2 00 00 00 00 6E 12
17 00 3A 00 91 15 24 00 00 76 1E 88 B2 00 00 00 00 8A 21 86 B2 00 00 00 00 6F 12
17 00 3A 00 91 15 24 00 00 1A 39 88 B2 00 00 00 00 E6 06 86 B2 00 00 00 00 70 12
17 00 3A 00 91 15 24 0E 00 00 00 00 00 00 00 00 00 00 00 00 00 00 00 00 00 71 12
17 00 3A 00 91 15 24 00 00 81 FD 87 B2 00 00 00 00 7F 42 86 B2 00 00 00 00 72 12
17 00 3A 00 91 15 24 0E 00 00 00 00 00 00 00 00 00 00 00 00 00 00 00 00 00 73 12
03 00 3A 00 91 01 14
17 00 3A 00 91 15 24 00 00 AE 26 88 B2 00 00 00 00 52 19 86 B2 00 00 00 00 74 12
17 00 3A 00 91 15 24 0E 00 00 00 00 00 00 00 00 00 00 00 00 00 00 00 00 00 75 12
17 00 3A 00 91 15 24 00 00 2E 51 88 B2 00 00 00 00 D2 EE 85 B2 00 00 00 00 76 12
17 00 3A 00 91 15 24 00 00 59 FA 87 B2 00 00 00 00 A7 45 86 B2 00 00 00 00 77 12
17 00 3A 00 91 15 24 00 00 73 0E 88 B2 00 00 00 00 8D 31 86 B2 00 00 00 00 78 12
17 00 3A 00 91 15 24 00 00 75 29 88 B2 00 00 00 00 8B 16 86 B2 00 00 00 00 79 12
17 00 3A 00 91 15 24 00 00 EA 3E 88 B2 00 00 00 00 16 01 86 B2 00 00 00 00 7A 12
17 00 3A 00 91 15 24 00 00 97 51 88 B2 00 00 00 00 69 EE 85 B2 00 00 00 00 7B 12
17 00 3A 00 91 15 24 00 00 4A FC 87 B2 00 00 00 00 B6 43 86 B2 00 00 00 00 7C 12
17 00 3A 00 91 15 24 00 00 51 13 88 B2 00 00 00 00 AF 2C 86 B2 00 00 00 00 7D 12
17 00 3A 00 91 15 24 00 00 7D 25 88 B2 00 00 00 00 83 1A 86 B2 00 00 00 00 7E 12
17 00 3A 00 91 15 24 00 00 94 40 88 B2 00 00 00 00 6C FF 85 B2 00 00 00 00 7F 12
17 00 3A 00 91 15 24 00 00 09 56 88 B2 00 00 00 00 F7 E9 85 B2 00 00 00 00 80 12
17 00 3A 00 91 15 24 00 00 D6 03 88 B2 00 00 00 00 2A 3C 86 B2 00 00 00 00 81 12
17 00 3A 00 91 15 24 00 00 95 11 88 B2 00 00 00 00 6B 2E 86 B2 00 00 00 00 82 12
17 00 3A 00 91 15 24 00 00 E6 26 88 B2 00 00 00 00 1A 19 86 B2 00 00 00 00 83 12
17 00 3A 00 91 15 24 00 00 7B 41 88 B2 00 00 00 00 85 FE 85 B2 00 00 00 00 84 12
17 00 3A 00 91 15 24 00 00 88 53 88 B2 00 00 00 00 78 EC 85 B2 00 00 00 00 85 12
17 00 3A 00 91 15 24 00 00 0D FC 87 B2 00 00 00 00 F3 43 86 B2 00 00 00 00 86 12
17 00 3A 00 91 15 24 00 00 34 11 88 B2 00 00 00 00 CC 2E 86 B2 00 00 00 00 87 12
17 00 3A 00 91 15 24 00 00 63 2A 88 B2 00 00 00 00 9D 15 86 B2 00 00 00 00 88 12
17 00 3A 00 91 15 24 00 00 96 37 88 B2 00 00 00 00 6A 08 86 B2 00 00 00 00 89 12
17 00 3A 00 91 15 24 00 00 F0 00 88 B2 00 00 00 00 10 3F 86 B2 00 00 00 00 8A 12
17 00 3A 00 91 15 24 00 00 86 F8 87 B2 00 00 00 00 7A 47 86 B2 00 00 00 00 8B 12
17 00 3A 00 91 15 24 00 00 1E 15 88 B2 00 00 00 00 E2 2A 86 B2 00 00 00 00 8C 12
17 00 3A 00 91 15 24 00 00 27 1E 88 B2 00 00 00 00 D9 21 86 B2 00 00 00 00 8D 12
17 00 3A 00 91 15 24 0E 00 00 00 00 00 00 00 00 00 00 00 00 00 00 00 00 00 8E 12
17 00 3A 00 91 15 24 00 00 89 44 88 B2 00 00 00 00 77 FB 85 B2 00 00 00 00 8F 12
17 00 3A 00 91 15 24 00 00 8F FD 87 B2 00 00 00 00 71 42 86 B2 00 00 00 00 90 12
17 00 3A 00 91 15 24 00 00 B8 06 88 B2 00 00 00 00 48 39 86 B2 00 00 00 00 91 12
17 00 3A 00 91 15 24 00 00 35 24 88 B2 00 00 00 00 CB 1B 86 B2 00 00 00 00 92 12
17 00 3A 00 91 15 24 00 00 9A 2D 88 B2 00 00 00 00 66 12 86 B2 00 00 00 00 93 12
17 00 3A 00 91 15 24 00 00 26 4B 88 B2 00 00 00 00 DA F4 85 B2 00 00 00 00 94 12
17 00 3A 00 91 15 24 00 00 30 EF 87 B2 00 00 00 00 D0 50 86 B2 00 00 00 00 95 12
17 00 3A 00 91 15 24 00 00 01 0B 88 B2 00 00 00 00 FF 34 86 B2 00 00 00 00 96 12
17 00 3A 00 91 15 24 00 00 85 16 88 B2 00 00 00 00 7B 29 86 B2 00 00 00 00 97 12
17 00 3A 00 91 15 24 00 00 2A 2F 88 B2 00 00 00 00 D6 10 86 B2 00 00 00 00 98 12
17 00 3A 00 91 15 24 00 00 DC 38 88 B2 00 00 00 00 24 07 86 B2 00 00 00 00 99 12
17 00 3A 00 91 15 24 00 00 B2 F0 87 B2 00 00 00 00 4E 4F 86 B2 00 00 00 00 9A 12
17 00 3A 00 91 15 24 00 00 04 FD 87 B2 00 00 00 00 FC 42 86 B2 00 00 00 00 9B 12
17 00 3A 00 91 15 24 00 00 5F 17 88 B2 00 00 00 00 A1 28 86 B2 00 00 00 00 9C 12
17 00 3A 00 91 15 24 00 00 34 23 88 B2 00 00 00 00 CC 1C 86 B2 00 00 00 00 9D 12
17 00 3A 00 91 15 24 0E 00 00 00 00 00 00 00 00 00 00 00 00 00 00 00 00 00 9E 12
17 00 3A 00 91 15 24 00 00 BE 44 88 B2 00 00 00 00 42 FB 85 B2 00 00 00 00 9F 12
17 00 3A 00 91 15 24 00 00 B4 F2 87 B2 00 00 00 00 4C 4D 86 B2 00 00 00 00 A0 12
17 00 3A 00 91 15 24 00 00 16 07 88 B2 00 00 00 00 EA 38 86 B2 00 00 00 00 A1 12
17 00 3A 00 91 15 24 0E 00 00 00 00 00 00 00 00 00 00 00 00 00 00 00 00 00 A2 12
17 00 3A 00 91 15 24 00 00 E9 2D 88 B2 00 00 00 00 17 12 86 B2 00 00 00 00 A3 12
17 00 3A 00 91 15 24 00 00 1C 47 88 B2 00 00 00 00 E4 F8 85 B2 00 00 00 00 A4 12
17 00 3A 00 91 15 24 00 00 49 EE 87 B2 00 00 00 00 B7 51 86 B2 00 00 00 00 A5 12
17 00 3A 00 91 15 24 0E 00 00 00 00 00 00 00 00 00 00 00 00 00 00 00 00 00 A6 12
17 00 3A 00 91 15 24 00 00 34 15 88 B2 00 00 00 00 CC 2A 86 B2 00 00 00 00 A7 12
17 00 3A 00 91 15 24 0E 00 00 00 00 00 00 00 00 00 00 00 00 00 00 00 00 00 A8 12
17 00 3A 00 91 15 24 00 00 4E 41 88 B2 00 00 00 00 B2 FE 85 B2 00 00 00 00 A9 12
17 00 3A 00 91 15 24 0E 00 00 00 00 00 00 00 00 00 00 00 00 00 00 00 00 00 AA 12
17 00 3A 00 91 15 24 00 00 CD 04 88 B2 00 00 00 00 33 3B 86 B2 00 00 00 00 AB 12
17 00 3A 00 91 15 24 00 00 51 2E 88 B2 00 00 00 00 AF 11 86 B2 00 00 00 00 AC 12
17 00 3A 00 91 15 24 00 00 DD 36 88 B2 00 00 00 00 23 09 86 B2 00 00 00 00 AD 12
17 00 3A 00 91 15 24 16 00 00 00 00 00 00 00 00 00 00 00 00 00 00 00 00 00 AE 12
17 00 3A 00 91 15 24 00 00 49 FF 87 B2 00 00 00 00 B7 40 86 B2 00 00 00 00 AF 12
17 00 3A 00 91 15 24 00 00 B3 1A 88 B2 00 00 00 00 4D 25 86 B2 00 00 00 00 B0 12
17 00 3A 00 91 15 24 00 00 8B 30 88 B2 00 00 00 00 75 0F 86 B2 00 00 00 00 B1 12
17 00 3A 00 91 15 24 00 00 F6 49 88 B2 00 00 00 00 0A F6 85 B2 00 00 00 00 B2 12
17 00 3A 00 91 15 24 00 00 A0 F9 87 B2 00 00 00 00 60 46 86 B2 00 00 00 00 B3 12
17 00 3A 00 91 15 24 00 00 00 15 88 B2 00 00 00 00 00 2B 86 B2 00 00 00 00 B4 12
17 00 3A 00 91 15 24 00 00 2D 28 88 B2 00 00 00 00 D3 17 86 B2 00 00 00 00 B5 12
17 00 3A 00 91 15 24 00 00 05 44 88 B2 00 00 00 00 FB FB 85 B2 00 00 00 00 B6 12
17 00 3A 00 91 15 24 00 00 E5 F3 87 B2 00 00 00 00 1B 4C 86 B2 00 00 00 00 B7 12
17 00 3A 00 91 15 24 00 00 16 0F 88 B2 00 00 00 00 EA 30 86 B2 00 00 00 00 B8 12
17 00 3A 00 91 15 24 00 00 F2 24 88 B2 00 00 00 00 0E 1B 86 B2 00 00 00 00 B9 12
17 00 3A 00 91 15 24 00 00 C1 42 88 B2 00 00 00 00 3F FD 85 B2 00 00 00 00 BA 12
17 00 3A 00 91 15 24 00 00 35 F3 87 B2 00 00 00 00 CB 4C 86 B2 00 00 00 00 BB 12
17 00 3A 00 91 15 24 00 00 77 16 88 B2 00 00 00 00 89 29 86 B2 00 00 00 00 BC 12
17 00 3A 00 91 15 24 00 00 A1 27 88 B2 00 00 00 00 5F 18 86 B2 00 00 00 00 BD 12
17 00 3A 00 91 15 24 0E 00 00 00 00 00 00 00 00 00 00 00 00 00 00 00 00 00 BE 12
17 00 3A 00 91 15 24 00 00 AF F7 87 B2 00 00 00 00 51 48 86 B2 00 00 00 00 BF 12
17 00 3A 00 91 15 24 00 00 70 19 88 B2 00 00 00 00 90 26 86 B2 00 00 00 00 C0 12
17 00 3A 00 91 15 24 00 00 94 2C 88 B2 00 00 00 00 6C 13 86 B2 00 00 00 00 C1 12
17 00 3A 00 91 15 24 00 00 00 E5 87 B2 00 00 00 00 00 5B 86 B2 00 00 00 00 C2 12
17 00 3A 00 91 15 24 00 00 41 FC 87 B2 00 00 00 00 BF 43 86 B2 00 00 00 00 C3 12
17 00 3A 00 91 15 24 00 00 43 1E 88 B2 00 00 00 00 BD 21 86 B2 00 00 00 00 C4 12
17 00 3A 00 91 15 24 00 00 18 31 88 B2 00 00 00 00 E8 0E 86 B2 00 00 00 00 C5 12
17 00 3A 00 91 15 24 00 00 6F EE 87 B2 00 00 00 00 91 51 86 B2 00 00 00 00 C6 12
17 00 3A 00 91 15 24 00 00 5D 00 88 B2 00 00 00 00 A3 3F 86 B2 00 00 00 00 C7 12
17 00 3A 00 91 15 24 00 00 44 23 88 B2 00 00 00 00 BC 1C 86 B2 00 00 00 00 C8 12
17 00 3A 00 91 15 24 00 00 AE 38 88 B2 00 00 00 00 52 07 86 B2 00 00 00 00 C9 12
17 00 3A 00 91 15 24 00 00 67 F5 87 B2 00 00 00 00 99 4A 86 B2 00 00 00 00 CA 12
17 00 3A 00 91 15 24 00 00 05 0A 88 B2 00 00 00 00 FB 35 86 B2 00 00 00 00 CB 12
17 00 3A 00 91 15 24 16 00 00 00 00 00 00 00 00 00 00 00 00 00 00 00 00 00 CC 12
17 00 3A 00 91 15 24 00 00 AF 41 88 B2 00 00 00 00 51 FE 85 B2 00 00 00 00 CD 12
17 00 3A 00 91 15 24 00 00 8B 00 88 B2 00 00 00 00 75 3F 86 B2 00 00 00 00 CE 12
17 00 3A 00 91 15 24 00 00 89 14 88 B2 00 00 00 00 77 2B 86 B2 00 00 00 00 CF 12
17 00 3A 00 91 15 24 00 00 AB 38 88 B2 00 00 00 00 55 07 86 B2 00 00 00 00 D0 12
17 00 3A 00 91 15 24 00 00 59 E8 87 B2 00 00 00 00 A7 57 86 B2 00 00 00 00 D1 12
17 00 3A 00 91 15 24 00 00 1E 0B 88 B2 00 00 00 00 E2 34 86 B2 00 00 00 00 D2 12
17 00 3A 00 91 15 24 00 00 9B 20 88 B2 00 00 00 00 65 1F 86 B2 00 00 00 00 D3 12
17 00 3A 00 91 15 24 0E 00 00 00 00 00 00 00 00 00 00 00 00 00 00 00 00 00 D4 12
17 00 3A 00 91 15 24 00 00 D4 F4 87 B2 00 00 00 00 2C 4B 86 B2 00 00 00 00 D5 12
17 00 3A 00 91 15 24 0E 00 00 00 00 00 00 00 00 00 00 00 00 00 00 00 00 00 D6 12
17 00 3A 00 91 15 24 00 00 14 2E 88 B2 00 00 00 00 EC 11 86 B2 00 00 00 00 D7 12
17 00 3A 00 91 15 24 0E 00 00 00 00 00 00 00 00 00 00 00 00 00 00 00 00 00 D8 12
17 00 3A 00 91 15 24 00 00 D3 02 88 B2 00 00 00 00 2D 3D 86 B2 00 00 00 00 D9 12
17 00 3A 00 91 15 24 0E 00 00 00 00 00 00 00 00 00 00 00 00 00 00 00 00 00 DA 12
17 00 3A 00 91 15 24 00 00 1D 3D 88 B2 00 00 00 00 E3 02 86 B2 00 00 00 00 DB 12
17 00 3A 00 91 15 24 0E 00 00 00 00 00 00 00 00 00 00 00 00 00 00 00 00 00 DC 12
17 00 3A 00 91 15 24 00 00 D3 12 88 B2 00 00 00 00 2D 2D 86 B2 00 00 00 00 DD 12
17 00 3A 00 91 15 24 0E 00 00 00 00 00 00 00 00 00 00 00 00 00 00 00 00 00 DE 12
17 00 3A 00 91 15 24 00 00 7D E8 87 B2 00 00 00 00 83 57 86 B2 00 00 00 00 DF 12
17 00 3A 00 91 15 24 0E 00 00 00 00 00 00 00 00 00 00 00 00 00 00 00 00 00 E0 12
17 00 3A 00 91 15 24 00 00 B0 24 88 B2 00 00 00 00 50 1B 86 B2 00 00 00 00 E1 12
17 00 3A 00 91 15 24 0E 00 00 00 00 00 00 00 00 00 00 00 00 00 00 00 00 00 E2 12
17 00 3A 00 91 15 24 00 00 3B FB 87 B2 00 00 00 00 C5 44 86 B2 00 00 00 00 E3 12
