17 00 3A 00 91 15 24 00 00 0E 94 88 B2 00 00 00 00 F2 AB 85 B2 00 00 00 00 1B 23
17 00 3A 00 91 15 24 00 00 09 54 88 B2 00 00 00 00 F7 EB 85 B2 00 00 00 00 1C 23
17 00 3A 00 91 15 24 00 00 FD 79 88 B2 00 00 00 00 03 C6 85 B2 00 00 00 00 1D 23
17 00 3A 00 91 15 24 00 00 FB A0 88 B2 00 00 00 00 05 9F 85 B2 00 00 00 00 1E 23
17 00 3A 00 91 15 24 00 00 F5 61 88 B2 00 00 00 00 0B DE 85 B2 00 00 00 00 1F 23
17 00 3A 00 91 15 24 00 00 D9 88 88 B2 00 00 00 00 27 B7 85 B2 00 00 00 00 20 23
17 00 3A 00 91 15 24 00 00 88 AE 88 B2 00 00 00 00 78 91 85 B2 00 00 00 00 21 23
17 00 3A 00 91 15 24 0E 00 00 00 00 00 00 00 00 00 00 00 00 00 00 00 00 00 22 23
17 00 3A 00 91 15 24 00 00 1D 96 88 B2 00 00 00 00 E3 A9 85 B2 00 00 00 00 23 23
17 00 3A 00 91 15 24 00 00 91 48 88 B2 00 00 00 00 6F F7 85 B2 00 00 00 00 24 23
17 00 3A 00 91 15 24 00 00 3A 70 88 B2 00 00 00 00 C6 CF 85 B2 00 00 00 00 25 23
17 00 3A 00 91 15 24 00 00 72 98 88 B2 00 00 00 00 8E A7 85 B2 00 00 00 00 26 23
17 00 3A 00 91 15 24 00 00 BF 59 88 B2 00 00 00 00 41 E6 85 B2 00 00 00 00 27 23
17 00 3A 00 91 15 24 00 00 CD 8E 88 B2 00 00 00 00 33 B1 85 B2 00 00 00 00 28 23
17 00 3A 00 91 15 24 00 00 FA 48 88 B2 00 00 00 00 06 F7 85 B2 00 00 00 00 29 23
17 00 3A 00 91 15 24 0E 00 00 00 00 00 00 00 00 00 00 00 00 00 00 00 00 00 2A 23
17 00 3A 00 91 15 24 00 00 49 A0 88 B2 00 00 00 00 B7 9F 85 B2 00 00 00 00 2B 23
17 00 3A 00 91 15 24 00 00 3A 62 88 B2 00 00 00 00 C6 DD 85 B2 00 00 00 00 2C 23
17 00 3A 00 91 15 24 00 00 82 8A 88 B2 00 00 00 00 7E B5 85 B2 00 00 00 00 2D 23
17 00 3A 00 91 15 24 00 00 3E B2 88 B2 00 00 00 00 C2 8D 85 B2 00 00 00 00 2E 23
17 00 3A 00 91 15 24 00 00 39 75 88 B2 00 00 00 00 C7 CA 85 B2 00 00 00 00 2F 23
17 00 3A 00 91 15 24 00 00 E7 9C 88 B2 00 00 00 00 19 A3 85 B2 00 00 00 00 30 23
17 00 3A 00 91 15 24 00 00 BD 5F 88 B2 00 00 00 00 43 E0 85 B2 00 00 00 00 31 23
17 00 3A 00 91 15 24 00 00 B3 87 88 B2 00 00 00 00 4D B8 85 B2 00 00 00 00 32 23
17 00 3A 00 91 15 24 00 00 05 B0 88 B2 00 00 00 00 FB 8F 85 B2 00 00 00 00 33 23
17 00 3A 00 91 15 24 00 00 EA 72 88 B2 00 00 00 00 16 CD 85 B2 00 00 00 00 34 23
17 00 3A 00 91 15 24 00 00 C4 9A 88 B2 00 00 00 00 3C A5 85 B2 00 00 00 00 35 23
17 00 3A 00 91 15 24 0E 00 00 00 00 00 00 00 00 00 00 00 00 00 00 00 00 00 36 23
17 00 3A 00 91 15 24 00 00 91 85 88 B2 00 00 00 00 6F BA 85 B2 00 00 00 00 37 23
17 00 3A 00 91 15 24 00 00 E1 AE 88 B2 00 00 00 00 1F 91 85 B2 00 00 00 00 38 23
17 00 3A 00 91 15 24 00 00 2F 72 88 B2 00 00 00 00 D1 CD 85 B2 00 00 00 00 39 23
17 00 3A 00 91 15 24 00 00 E3 9A 88 B2 00 00 00 00 1D A5 85 B2 00 00 00 00 3A 23
17 00 3A 00 91 15 24 00 00 6B 5E 88 B2 00 00 00 00 95 E1 85 B2 00 00 00 00 3B 23
17 00 3A 00 91 15 24 0E 00 00 00 00 00 00 00 00 00 00 00 00 00 00 00 00 00 3C 23
17 00 3A 00 91 15 24 00 00 42 B0 88 B2 00 00 00 00 BE 8F 85 B2 00 00 00 00 3D 23
17 00 3A 00 91 15 24 00 00 DA 73 88 B2 00 00 00 00 26 CC 85 B2 00 00 00 00 3E 23
17 00 3A 00 91 15 24 00 00 BA 9C 88 B2 00 00 00 00 46 A3 85 B2 00 00 00 00 3F 23
17 00 3A 00 91 15 24 0E 00 00 00 00 00 00 00 00 00 00 00 00 00 00 00 00 00 40 23
17 00 3A 00 91 15 24 00 00 4E 89 88 B2 00 00 00 00 B2 B6 85 B2 00 00 00 00 41 23
17 00 3A 00 91 15 24 00 00 A6 B2 88 B2 00 00 00 00 5A 8D 85 B2 00 00 00 00 42 23
17 00 3A 00 91 15 24 00 00 8E 76 88 B2 00 00 00 00 72 C9 85 B2 00 00 00 00 43 23
17 00 3A 00 91 15 24 0E 00 00 00 00 00 00 00 00 00 00 00 00 00 00 00 00 00 44 23
17 00 3A 00 91 15 24 00 00 C3 63 88 B2 00 00 00 00 3D DC 85 B2 00 00 00 00 45 23
17 00 3A 00 91 15 24 00 00 72 8D 88 B2 00 00 00 00 8E B2 85 B2 00 00 00 00 46 23
17 00 3A 00 91 15 24 00 00 63 B7 88 B2 00 00 00 00 9D 88 85 B2 00 00 00 00 47 23
17 00 3A 00 91 15 24 00 00 87 7B 88 B2 00 00 00 00 79 C4 85 B2 00 00 00 00 48 23
17 00 3A 00 91 15 24 00 00 33 A5 88 B2 00 00 00 00 CD 9A 85 B2 00 00 00 00 49 23
17 00 3A 00 91 15 24 00 00 6A 69 88 B2 00 00 00 00 96 D6 85 B2 00 00 00 00 4A 23
17 00 3A 00 91 15 24 00 00 A2 93 88 B2 00 00 00 00 5E AC 85 B2 00 00 00 00 4B 23
17 00 3A 00 91 15 24 00 00 2A 58 88 B2 00 00 00 00 D6 E7 85 B2 00 00 00 00 4C 23
17 00 3A 00 91 15 24 00 00 52 82 88 B2 00 00 00 00 AE BD 85 B2 00 00 00 00 4D 23
17 00 3A 00 91 15 24 0E 00 00 00 00 00 00 00 00 00 00 00 00 00 00 00 00 00 4E 23
17 00 3A 00 91 15 24 00 00 15 71 88 B2 00 00 00 00 EB CE 85 B2 00 00 00 00 4F 23
17 00 3A 00 91 15 24 00 00 35 9B 88 B2 00 00 00 00 CB A4 85 B2 00 00 00 00 50 23
17 00 3A 00 91 15 24 00 00 2A 60 88 B2 00 00 00 00 D6 DF 85 B2 00 00 00 00 51 23
17 00 3A 00 91 15 24 00 00 DA 89 88 B2 00 00 00 00 26 B6 85 B2 00 00 00 00 52 23
17 00 3A 00 91 15 24 00 00 8D B4 88 B2 00 00 00 00 73 8B 85 B2 00 00 00 00 53 23
17 00 3A 00 91 15 24 00 00 ED 79 88 B2 00 00 00 00 13 C6 85 B2 00 00 00 00 54 23
17 00 3A 00 91 15 24 00 00 2B 9C 88 B2 00 00 00 00 D5 A3 85 B2 00 00 00 00 55 23
17 00 3A 00 91 15 24 00 00 3D 68 88 B2 00 00 00 00 C3 D7 85 B2 00 00 00 00 56 23
17 00 3A 00 91 15 24 00 00 DB 93 88 B2 00 00 00 00 25 AC 85 B2 00 00 00 00 57 23
17 00 3A 00 91 15 24 00 00 FD 58 88 B2 00 00 00 00 03 E7 85 B2 00 00 00 00 58 23
17 00 3A 00 91 15 24 00 00 47 84 88 B2 00 00 00 00 B9 BB 85 B2 00 00 00 00 59 23
17 00 3A 00 91 15 24 00 00 A0 AE 88 B2 00 00 00 00 60 91 85 B2 00 00 00 00 5A 23
17 00 3A 00 91 15 24 00 00 24 75 88 B2 00 00 00 00 DC CA 85 B2 00 00 00 00 5B 23
17 00 3A 00 91 15 24 00 00 AD 9F 88 B2 00 00 00 00 53 A0 85 B2 00 00 00 00 5C 23
17 00 3A 00 91 15 24 00 00 71 65 88 B2 00 00 00 00 8F DA 85 B2 00 00 00 00 5D 23
17 00 3A 00 91 15 24 00 00 69 90 88 B2 00 00 00 00 97 AF 85 B2 00 00 00 00 5E 23
17 00 3A 00 91 15 24 00 00 25 56 88 B2 00 00 00 00 DB E9 85 B2 00 00 00 00 5F 23
17 00 3A 00 91 15 24 00 00 17 81 88 B2 00 00 00 00 E9 BE 85 B2 00 00 00 00 60 23
17 00 3A 00 91 15 24 00 00 37 A9 88 B2 00 00 00 00 C9 96 85 B2 00 00 00 00 61 23
17 00 3A 00 91 15 24 0E 00 00 00 00 00 00 00 00 00 00 00 00 00 00 00 00 00 62 23
17 00 3A 00 91 15 24 00 00 29 9B 88 B2 00 00 00 00 D7 A4 85 B2 00 00 00 00 63 23
17 00 3A 00 91 15 24 00 00 B4 62 88 B2 00 00 00 00 4C DD 85 B2 00 00 00 00 64 23
17 00 3A 00 91 15 24 00 00 68 8E 88 B2 00 00 00 00 98 B1 85 B2 00 00 00 00 65 23
17 00 3A 00 91 15 24 00 00 97 54 88 B2 00 00 00 00 69 EB 85 B2 00 00 00 00 66 23
17 00 3A 00 91 15 24 00 00 CB 80 88 B2 00 00 00 00 35 BF 85 B2 00 00 00 00 67 23
17 00 3A 00 91 15 24 00 00 CD AC 88 B2 00 00 00 00 33 93 85 B2 00 00 00 00 68 23
17 00 3A 00 91 15 24 00 00 A6 6A 88 B2 00 00 00 00 5A D5 85 B2 00 00 00 00 69 23
17 00 3A 00 91 15 24 00 00 40 97 88 B2 00 00 00 00 C0 A8 85 B2 00 00 00 00 6A 23
17 00 3A 00 91 15 24 00 00 7E 61 88 B2 00 00 00 00 82 DE 85 B2 00 00 00 00 6B 23
17 00 3A 00 91 15 24 00 00 A8 91 88 B2 00 00 00 00 58 AE 85 B2 00 00 00 00 6C 23
17 00 3A 00 91 15 24 00 00 5B 51 88 B2 00 00 00 00 A5 EE 85 B2 00 00 00 00 6D 23
17 00 3A 00 91 15 24 00 00 0A 85 88 B2 00 00 00 00 F6 BA 85 B2 00 00 00 00 6E 23
17 00 3A 00 91 15 24 00 00 0F B2 88 B2 00 00 00 00 F1 8D 85 B2 00 00 00 00 6F 23
17 00 3A 00 91 15 24 00 00 72 79 88 B2 00 00 00 00 8E C6 85 B2 00 00 00 00 70 23
17 00 3A 00 91 15 24 00 00 96 A6 88 B2 00 00 00 00 6A 99 85 B2 00 00 00 00 71 23
17 00 3A 00 91 15 24 0E 00 00 00 00 00 00 00 00 00 00 00 00 00 00 00 00 00 72 23
17 00 3A 00 91 15 24 00 00 89 9D 88 B2 00 00 00 00 77 A2 85 B2 00 00 00 00 73 23
17 00 3A 00 91 15 24 00 00 03 67 88 B2 00 00 00 00 FD D8 85 B2 00 00 00 00 74 23
17 00 3A 00 91 15 24 00 00 5E 96 88 B2 00 00 00 00 A2 A9 85 B2 00 00 00 00 75 23
17 00 3A 00 91 15 24 00 00 1D 60 88 B2 00 00 00 00 E3 DF 85 B2 00 00 00 00 76 23
17 00 3A 00 91 15 24 00 00 4D 90 88 B2 00 00 00 00 B3 AF 85 B2 00 00 00 00 77 23
17 00 3A 00 91 15 24 0E 00 00 00 00 00 00 00 00 00 00 00 00 00 00 00 00 00 78 23
17 00 3A 00 91 15 24 00 00 DE 8D 88 B2 00 00 00 00 22 B2 85 B2 00 00 00 00 79 23
17 00 3A 00 91 15 24 00 00 64 59 88 B2 00 00 00 00 9C E6 85 B2 00 00 00 00 7A 23
17 00 3A 00 91 15 24 00 00 B9 8C 88 B2 00 00 00 00 47 B3 85 B2 00 00 00 00 7B 23
17 00 3A 00 91 15 24 0E 00 00 00 00 00 00 00 00 00 00 00 00 00 00 00 00 00 7C 23
17 00 3A 00 91 15 24 00 00 F3 8C 88 B2 00 00 00 00 0D B3 85 B2 00 00 00 00 7D 23
17 00 3A 00 91 15 24 00 00 06 5B 88 B2 00 00 00 00 FA E4 85 B2 00 00 00 00 7E 23
17 00 3A 00 91 15 24 00 00 E4 8D 88 B2 00 00 00 00 1C B2 85 B2 00 00 00 00 7F 23
17 00 3A 00 91 15 24 00 00 FD 5B 88 B2 00 00 00 00 03 E4 85 B2 00 00 00 00 80 23
17 00 3A 00 91 15 24 00 00 76 90 88 B2 00 00 00 00 8A AF 85 B2 00 00 00 00 81 23
17 00 3A 00 91 15 24 00 00 4D 5F 88 B2 00 00 00 00 B3 E0 85 B2 00 00 00 00 82 23
17 00 3A 00 91 15 24 00 00 C5 92 88 B2 00 00 00 00 3B AD 85 B2 00 00 00 00 83 23
17 00 3A 00 91 15 24 00 00 B9 61 88 B2 00 00 00 00 47 DE 85 B2 00 00 00 00 84 23
17 00 3A 00 91 15 24 00 00 7F 8E 88 B2 00 00 00 00 81 B1 85 B2 00 00 00 00 85 23
17 00 3A 00 91 15 24 00 00 54 67 88 B2 00 00 00 00 AC D8 85 B2 00 00 00 00 86 23
17 00 3A 00 91 15 24 00 00 E7 9C 88 B2 00 00 00 00 19 A3 85 B2 00 00 00 00 87 23
17 00 3A 00 91 15 24 0E 00 00 00 00 00 00 00 00 00 00 00 00 00 00 00 00 00 88 23
17 00 3A 00 91 15 24 00 00 E3 A0 88 B2 00 00 00 00 1D 9F 85 B2 00 00 00 00 89 23
17 00 3A 00 91 15 24 0E 00 00 00 00 00 00 00 00 00 00 00 00 00 00 00 00 00 8A 23
17 00 3A 00 91 15 24 00 00 60 A9 88 B2 00 00 00 00 A0 96 85 B2 00 00 00 00 8B 23
17 00 3A 00 91 15 24 00 00 9B 6B 88 B2 00 00 00 00 65 D4 85 B2 00 00 00 00 8C 23
17 00 3A 00 91 15 24 00 00 28 A1 88 B2 00 00 00 00 D8 9E 85 B2 00 00 00 00 8D 23
17 00 3A 00 91 15 24 0E 00 00 00 00 00 00 00 00 00 00 00 00 00 00 00 00 00 8E 23
17 00 3A 00 91 15 24 00 00 FE 4E 88 B2 00 00 00 00 02 F1 85 B2 00 00 00 00 8F 23
17 00 3A 00 91 15 24 0E 00 00 00 00 00 00 00 00 00 00 00 00 00 00 00 00 00 90 23
17 00 3A 00 91 15 24 00 00 4B 5A 88 B2 00 00 00 00 B5 E5 85 B2 00 00 00 00 91 23
17 00 3A 00 91 15 24 0E 00 00 00 00 00 00 00 00 00 00 00 00 00 00 00 00 00 92 23
17 00 3A 00 91 15 24 00 00 0B 63 88 B2 00 00 00 00 F5 DC 85 B2 00 00 00 00 93 23
17 00 3A 00 91 15 24 0E 00 00 00 00 00 00 00 00 00 00 00 00 00 00 00 00 00 94 23
17 00 3A 00 91 15 24 00 00 CB 6E 88 B2 00 00 00 00 35 D1 85 B2 00 00 00 00 95 23
17 00 3A 00 91 15 24 0E 00 00 00 00 00 00 00 00 00 00 00 00 00 00 00 00 00 96 23
17 00 3A 00 91 15 24 00 00 43 6D 88 B2 00 00 00 00 BD D2 85 B2 00 00 00 00 97 23
17 00 3A 00 91 15 24 0E 00 00 00 00 00 00 00 00 00 00 00 00 00 00 00 00 00 98 23
17 00 3A 00 91 15 24 00 00 0F 7B 88 B2 00 00 00 00 F1 C4 85 B2 00 00 00 00 99 23
17 00 3A 00 91 15 24 0E 00 00 00 00 00 00 00 00 00 00 00 00 00 00 00 00 00 9A 23
17 00 3A 00 91 15 24 00 00 6D 99 88 B2 00 00 00 00 93 A6 85 B2 00 00 00 00 9B 23
17 00 3A 00 91 15 24 0E 00 00 00 00 00 00 00 00 00 00 00 00 00 00 00 00 00 9C 23
17 00 3A 00 91 15 24 00 00 DE A9 88 B2 00 00 00 00 22 96 85 B2 00 00 00 00 9D 23
17 00 3A 00 91 15 24 0E 00 00 00 00 00 00 00 00 00 00 00 00 00 00 00 00 00 9E 23
17 00 3A 00 91 15 24 00 00 24 56 88 B2 00 00 00 00 DC E9 85 B2 00 00 00 00 9F 23
17 00 3A 00 91 15 24 0E 00 00 00 00 00 00 00 00 00 00 00 00 00 00 00 00 00 A0 23
17 00 3A 00 91 15 24 00 00 46 68 88 B2 00 00 00 00 BA D7 85 B2 00 00 00 00 A1 23
17 00 3A 00 91 15 24 00 00 95 A4 88 B2 00 00 00 00 6B 9B 85 B2 00 00 00 00 A2 23
17 00 3A 00 91 15 24 00 00 78 7B 88 B2 00 00 00 00 88 C4 85 B2 00 00 00 00 A3 23
17 00 3A 00 91 15 24 00 00 82 52 88 B2 00 00 00 00 7E ED 85 B2 00 00 00 00 A4 23
17 00 3A 00 91 15 24 00 00 0A 8F 88 B2 00 00 00 00 F6 B0 85 B2 00 00 00 00 A5 23
17 00 3A 00 91 15 24 0E 00 00 00 00 00 00 00 00 00 00 00 00 00 00 00 00 00 A6 23
17 00 3A 00 91 15 24 00 00 D8 A3 88 B2 00 00 00 00 28 9C 85 B2 00 00 00 00 A7 23
17 00 3A 00 91 15 24 0E 00 00 00 00 00 00 00 00 00 00 00 00 00 00 00 00 00 A8 23
17 00 3A 00 91 15 24 00 00 27 52 88 B2 00 00 00 00 D9 ED 85 B2 00 00 00 00 A9 23
17 00 3A 00 91 15 24 0E 00 00 00 00 00 00 00 00 00 00 00 00 00 00 00 00 00 AA 23
17 00 3A 00 91 15 24 00 00 1F 68 88 B2 00 00 00 00 E1 D7 85 B2 00 00 00 00 AB 23
17 00 3A 00 91 15 24 0E 00 00 00 00 00 00 00 00 00 00 00 00 00 00 00 00 00 AC 23
17 00 3A 00 91 15 24 00 00 4E 7D 88 B2 00 00 00 00 B2 C2 85 B2 00 00 00 00 AD 23
17 00 3A 00 91 15 24 0E 00 00 00 00 00 00 00 00 00 00 00 00 00 00 00 00 00 AE 23
17 00 3A 00 91 15 24 00 00 4E 93 88 B2 00 00 00 00 B2 AC 85 B2 00 00 00 00 AF 23
17 00 3A 00 91 15 24 0E 00 00 00 00 00 00 00 00 00 00 00 00 00 00 00 00 00 B0 23
17 00 3A 00 91 15 24 00 00 39 A9 88 B2 00 00 00 00 C7 96 85 B2 00 00 00 00 B1 23
17 00 3A 00 91 15 24 00 00 27 82 88 B2 00 00 00 00 D9 BD 85 B2 00 00 00 00 B2 23
17 00 3A 00 91 15 24 00 00 0E 5A 88 B2 00 00 00 00 F2 E5 85 B2 00 00 00 00 B3 23
17 00 3A 00 91 15 24 0E 00 00 00 00 00 00 00 00 00 00 00 00 00 00 00 00 00 B4 23
17 00 3A 00 91 15 24 00 00 0D 70 88 B2 00 00 00 00 F3 CF 85 B2 00 00 00 00 B5 23
17 00 3A 00 91 15 24 0E 00 00 00 00 00 00 00 00 00 00 00 00 00 00 00 00 00 B6 23
17 00 3A 00 91 15 24 00 00 BC 86 88 B2 00 00 00 00 44 B9 85 B2 00 00 00 00 B7 23
17 00 3A 00 91 15 24 0E 00 00 00 00 00 00 00 00 00 00 00 00 00 00 00 00 00 B8 23
17 00 3A 00 91 15 24 00 00 34 9E 88 B2 00 00 00 00 CC A1 85 B2 00 00 00 00 B9 23
17 00 3A 00 91 15 24 0E 00 00 00 00 00 00 00 00 00 00 00 00 00 00 00 00 00 BA 23
17 00 3A 00 91 15 24 00 00 28 B6 88 B2 00 00 00 00 D8 89 85 B2 00 00 00 00 BB 23
17 00 3A 00 91 15 24 0E 00 00 00 00 00 00 00 00 00 00 00 00 00 00 00 00 00 BC 23
17 00 3A 00 91 15 24 00 00 92 68 88 B2 00 00 00 00 6E D7 85 B2 00 00 00 00 BD 23
17 00 3A 00 91 15 24 00 00 93 A7 88 B2 00 00 00 00 6D 98 85 B2 00 00 00 00 BE 23
17 00 3A 00 91 15 24 00 00 39 81 88 B2 00 00 00 00 C7 BE 85 B2 00 00 00 00 BF 23
17 00 3A 00 91 15 24 00 00 47 5B 88 B2 00 00 00 00 B9 E4 85 B2 00 00 00 00 C0 23
17 00 3A 00 91 15 24 00 00 AC 9A 88 B2 00 00 00 00 54 A5 85 B2 00 00 00 00 C1 23
17 00 3A 00 91 15 24 0E 00 00 00 00 00 00 00 00 00 00 00 00 00 00 00 00 00 C2 23
17 00 3A 00 91 15 24 00 00 03 B4 88 B2 00 00 00 00 FD 8B 85 B2 00 00 00 00 C3 23
17 00 3A 00 91 15 24 00 00 2B 8E 88 B2 00 00 00 00 D5 B1 85 B2 00 00 00 00 C4 23
17 00 3A 00 91 15 24 00 00 FF 68 88 B2 00 00 00 00 01 D7 85 B2 00 00 00 00 C5 23
17 00 3A 00 91 15 24 00 00 E2 A8 88 B2 00 00 00 00 1E 97 85 B2 00 00 00 00 C6 23
17 00 3A 00 91 15 24 00 00 3F 84 88 B2 00 00 00 00 C1 BB 85 B2 00 00 00 00 C7 23
17 00 3A 00 91 15 24 0E 00 00 00 00 00 00 00 00 00 00 00 00 00 00 00 00 00 C8 23
17 00 3A 00 91 15 24 00 00 80 9F 88 B2 00 00 00 00 80 A0 85 B2 00 00 00 00 C9 23
17 00 3A 00 91 15 24 0E 00 00 00 00 00 00 00 00 00 00 00 00 00 00 00 00 00 CA 23
17 00 3A 00 91 15 24 00 00 35 56 88 B2 00 00 00 00 CB E9 85 B2 00 00 00 00 CB 23
17 00 3A 00 91 15 24 0E 00 00 00 00 00 00 00 00 00 00 00 00 00 00 00 00 00 CC 23
17 00 3A 00 91 15 24 00 00 75 72 88 B2 00 00 00 00 8B CD 85 B2 00 00 00 00 CD 23
17 00 3A 00 91 15 24 0E 00 00 00 00 00 00 00 00 00 00 00 00 00 00 00 00 00 CE 23
17 00 3A 00 91 15 24 00 00 2D 90 88 B2 00 00 00 00 D3 AF 85 B2 00 00 00 00 CF 23
17 00 3A 00 91 15 24 0E 00 00 00 00 00 00 00 00 00 00 00 00 00 00 00 00 00 D0 23
17 00 3A 00 91 15 24 00 00 0F AD 88 B2 00 00 00 00 F1 92 85 B2 00 00 00 00 D1 23
17 00 3A 00 91 15 24 0E 00 00 00 00 00 00 00 00 00 00 00 00 00 00 00 00 00 D2 23
17 00 3A 00 91 15 24 00 00 D1 64 88 B2 00 00 00 00 2F DB 85 B2 00 00 00 00 D3 23
17 00 3A 00 91 15 24 0E 00 00 00 00 00 00 00 00 00 00 00 00 00 00 00 00 00 D4 23
17 00 3A 00 91 15 24 00 00 4C 82 88 B2 00 00 00 00 B4 BD 85 B2 00 00 00 00 D5 23
17 00 3A 00 91 15 24 0E 00 00 00 00 00 00 00 00 00 00 00 00 00 00 00 00 00 D6 23
17 00 3A 00 91 15 24 00 00 BF 9F 88 B2 00 00 00 00 41 A0 85 B2 00 00 00 00 D7 23
17 00 3A 00 91 15 24 0E 00 00 00 00 00 00 00 00 00 00 00 00 00 00 00 00 00 D8 23
17 00 3A 00 91 15 24 00 00 AD 57 88 B2 00 00 00 00 53 E8 85 B2 00 00 00 00 D9 23
17 00 3A 00 91 15 24 00 00 97 99 88 B2 00 00 00 00 69 A6 85 B2 00 00 00 00 DA 23
17 00 3A 00 91 15 24 00 00 27 75 88 B2 00 00 00 00 D9 CA 85 B2 00 00 00 00 DB 23
17 00 3A 00 91 15 24 0E 00 00 00 00 00 00 00 00 00 00 00 00 00 00 00 00 00 DC 23
17 00 3A 00 91 15 24 00 00 CF 92 88 B2 00 00 00 00 31 AD 85 B2 00 00 00 00 DD 23
17 00 3A 00 91 15 24 0E 00 00 00 00 00 00 00 00 00 00 00 00 00 00 00 00 00 DE 23
17 00 3A 00 91 15 24 00 00 75 B0 88 B2 00 00 00 00 8B 8F 85 B2 00 00 00 00 DF 23
17 00 3A 00 91 15 24 0E 00 00 00 00 00 00 00 00 00 00 00 00 00 00 00 00 00 E0 23
17 00 3A 00 91 15 24 00 00 16 68 88 B2 00 00 00 00 EA D7 85 B2 00 00 00 00 E1 23
17 00 3A 00 91 15 24 00 00 B1 A9 88 B2 00 00 00 00 4F 96 85 B2 00 00 00 00 E2 23
17 00 3A 00 91 15 24 00 00 A0 85 88 B2 00 00 00 00 60 BA 85 B2 00 00 00 00 E3 23
17 00 3A 00 91 15 24 0E 00 00 00 00 00 00 00 00 00 00 00 00 00 00 00 00 00 E4 23
17 00 3A 00 91 15 24 00 00 B4 A2 88 B2 00 00 00 00 4C 9D 85 B2 00 00 00 00 E5 23
17 00 3A 00 91 15 24 0E 00 00 00 00 00 00 00 00 00 00 00 00 00 00 00 00 00 E6 23
17 00 3A 00 91 15 24 00 00 23 5B 88 B2 00 00 00 00 DD E4 85 B2 00 00 00 00 E7 23
17 00 3A 00 91 15 24 0E 00 00 00 00 00 00 00 00 00 00 00 00 00 00 00 00 00 E8 23
17 00 3A 00 91 15 24 00 00 55 79 88 B2 00 00 00 00 AB C6 85 B2 00 00 00 00 E9 23
17 00 3A 00 91 15 24 0E 00 00 00 00 00 00 00 00 00 00 00 00 00 00 00 00 00 EA 23
17 00 3A 00 91 15 24 00 00 52 97 88 B2 00 00 00 00 AE A8 85 B2 00 00 00 00 EB 23
17 00 3A 00 91 15 24 0E 00 00 00 00 00 00 00 00 00 00 00 00 00 00 00 00 00 EC 23
17 00 3A 00 91 15 24 00 00 79 B5 88 B2 00 00 00 00 87 8A 85 B2 00 00 00 00 ED 23
17 00 3A 00 91 15 24 0E 00 00 00 00 00 00 00 00 00 00 00 00 00 00 00 00 00 EE 23
17 00 3A 00 91 15 24 00 00 BA 6D 88 B2 00 00 00 00 46 D2 85 B2 00 00 00 00 EF 23
17 00 3A 00 91 15 24 0E 00 00 00 00 00 00 00 00 00 00 00 00 00 00 00 00 00 F0 23
17 00 3A 00 91 15 24 00 00 D9 8B 88 B2 00 00 00 00 27 B4 85 B2 00 00 00 00 F1 23
17 00 3A 00 91 15 24 0E 00 00 00 00 00 00 00 00 00 00 00 00 00 00 00 00 00 F2 23
17 00 3A 00 91 15 24 00 00 CE A9 88 B2 00 00 00 00 32 96 85 B2 00 00 00 00 F3 23
17 00 3A 00 91 15 24 00 00 F0 85 88 B2 00 00 00 00 10 BA 85 B2 00 00 00 00 F4 23
17 00 3A 00 91 15 24 00 00 7A 62 88 B2 00 00 00 00 86 DD 85 B2 00 00 00 00 F5 23
17 00 3A 00 91 15 24 0E 00 00 00 00 00 00 00 00 00 00 00 00 00 00 00 00 00 F6 23
17 00 3A 00 91 15 24 00 00 4F 80 88 B2 00 00 00 00 B1 BF 85 B2 00 00 00 00 F7 23
17 00 3A 00 91 15 24 0E 00 00 00 00 00 00 00 00 00 00 00 00 00 00 00 00 00 F8 23
17 00 3A 00 91 15 24 00 00 14 9F 88 B2 00 00 00 00 EC A0 85 B2 00 00 00 00 F9 23
17 00 3A 00 91 15 24 0E 00 00 00 00 00 00 00 00 00 00 00 00 00 00 00 00 00 FA 23
17 00 3A 00 91 15 24 00 00 28 57 88 B2 00 00 00 00 D8 E8 85 B2 00 00 00 00 FB 23
17 00 3A 00 91 15 24 0E 00 00 00 00 00 00 00 00 00 00 00 00 00 00 00 00 00 FC 23
17 00 3A 00 91 15 24 00 00 1A 76 88 B2 00 00 00 00 E6 C9 85 B2 00 00 00 00 FD 23
17 00 3A 00 91 15 24 0E 00 00 00 00 00 00 00 00 00 00 00 00 00 00 00 00 00 FE 23
17 00 3A 00 91 15 24 00 00 6D 94 88 B2 00 00 00 00 93 AB 85 B2 00 00 00 00 FF 23
17 00 3A 00 91 15 24 0E 00 00 00 00 00 00 00 00 00 00 00 00 00 00 00 00 00 00 24
17 00 3A 00 91 15 24 00 00 7E B2 88 B2 00 00 00 00 82 8D 85 B2 00 00 00 00 01 24
17 00 3A 00 91 15 24 0E 00 00 00 00 00 00 00 00 00 00 00 00 00 00 00 00 00 02 24
17 00 3A 00 91 15 24 00 00 36 6B 88 B2 00 00 00 00 CA D4 85 B2 00 00 00 00 03 24
17 00 3A 00 91 15 24 0E 00 00 00 00 00 00 00 00 00 00 00 00 00 00 00 00 00 04 24
17 00 3A 00 91 15 24 00 00 7C 89 88 B2 00 00 00 00 84 B6 85 B2 00 00 00 00 05 24
17 00 3A 00 91 15 24 0E 00 00 00 00 00 00 00 00 00 00 00 00 00 00 00 00 00 06 24
17 00 3A 00 91 15 24 00 00 3B A7 88 B2 00 00 00 00 C5 98 85 B2 00 00 00 00 07 24
17 00 3A 00 91 15 24 0E 00 00 00 00 00 00 00 00 00 00 00 00 00 00 00 00 00 08 24
17 00 3A 00 91 15 24 00 00 23 60 88 B2 00 00 00 00 DD DF 85 B2 00 00 00 00 09 24
17 00 3A 00 91 15 24 0E 00 00 00 00 00 00 00 00 00 00 00 00 00 00 00 00 00 0A 24
17 00 3A 00 91 15 24 00 00 66 7E 88 B2 00 00 00 00 9A C1 85 B2 00 00 00 00 0B 24
17 00 3A 00 91 15 24 0E 00 00 00 00 00 00 00 00 00 00 00 00 00 00 00 00 00 0C 24
17 00 3A 00 91 15 24 00 00 10 9D 88 B2 00 00 00 00 F0 A2 85 B2 00 00 00 00 0D 24
17 00 3A 00 91 15 24 0E 00 00 00 00 00 00 00 00 00 00 00 00 00 00 00 00 00 0E 24
17 00 3A 00 91 15 24 00 00 03 56 88 B2 00 00 00 00 FD E9 85 B2 00 00 00 00 0F 24
17 00 3A 00 91 15 24 0E 00 00 00 00 00 00 00 00 00 00 00 00 00 00 00 00 00 10 24
17 00 3A 00 91 15 24 00 00 E8 74 88 B2 00 00 00 00 18 CB 85 B2 00 00 00 00 11 24
17 00 3A 00 91 15 24 0E 00 00 00 00 00 00 00 00 00 00 00 00 00 00 00 00 00 12 24
17 00 3A 00 91 15 24 00 00 B4 93 88 B2 00 00 00 00 4C AC 85 B2 00 00 00 00 13 24
17 00 3A 00 91 15 24 0E 00 00 00 00 00 00 00 00 00 00 00 00 00 00 00 00 00 14 24
17 00 3A 00 91 15 24 00 00 02 B3 88 B2 00 00 00 00 FE 8C 85 B2 00 00 00 00 15 24
17 00 3A 00 91 15 24 00 00 16 8F 88 B2 00 00 00 00 EA B0 85 B2 00 00 00 00 16 24
17 00 3A 00 91 15 24 00 00 BC 6B 88 B2 00 00 00 00 44 D4 85 B2 00 00 00 00 17 24
17 00 3A 00 91 15 24 0E 00 00 00 00 00 00 00 00 00 00 00 00 00 00 00 00 00 18 24
17 00 3A 00 91 15 24 00 00 8A 8B 88 B2 00 00 00 00 76 B4 85 B2 00 00 00 00 19 24
17 00 3A 00 91 15 24 0E 00 00 00 00 00 00 00 00 00 00 00 00 00 00 00 00 00 1A 24
17 00 3A 00 91 15 24 00 00 D4 A9 88 B2 00 00 00 00 2C 96 85 B2 00 00 00 00 1B 24
17 00 3A 00 91 15 24 0E 00 00 00 00 00 00 00 00 00 00 00 00 00 00 00 00 00 1C 24
17 00 3A 00 91 15 24 00 00 09 64 88 B2 00 00 00 00 F7 DB 85 B2 00 00 00 00 1D 24
17 00 3A 00 91 15 24 00 00 BB A6 88 B2 00 00 00 00 45 99 85 B2 00 00 00 00 1E 24
17 00 3A 00 91 15 24 00 00 C8 83 88 B2 00 00 00 00 38 BC 85 B2 00 00 00 00 1F 24
17 00 3A 00 91 15 24 0E 00 00 00 00 00 00 00 00 00 00 00 00 00 00 00 00 00 20 24
17 00 3A 00 91 15 24 00 00 30 A3 88 B2 00 00 00 00 D0 9C 85 B2 00 00 00 00 21 24
17 00 3A 00 91 15 24 00 00 46 80 88 B2 00 00 00 00 BA BF 85 B2 00 00 00 00 22 24
17 00 3A 00 91 15 24 00 00 28 5D 88 B2 00 00 00 00 D8 E2 85 B2 00 00 00 00 23 24
17 00 3A 00 91 15 24 0E 00 00 00 00 00 00 00 00 00 00 00 00 00 00 00 00 00 24 24
17 00 3A 00 91 15 24 00 00 A7 7C 88 B2 00 00 00 00 59 C3 85 B2 00 00 00 00 25 24
17 00 3A 00 91 15 24 0E 00 00 00 00 00 00 00 00 00 00 00 00 00 00 00 00 00 26 24
17 00 3A 00 91 15 24 00 00 B7 9B 88 B2 00 00 00 00 49 A4 85 B2 00 00 00 00 27 24
17 00 3A 00 91 15 24 00 00 F2 78 88 B2 00 00 00 00 0E C7 85 B2 00 00 00 00 28 24
17 00 3A 00 91 15 24 00 00 58 56 88 B2 00 00 00 00 A8 E9 85 B2 00 00 00 00 29 24
17 00 3A 00 91 15 24 0E 00 00 00 00 00 00 00 00 00 00 00 00 00 00 00 00 00 2A 24
17 00 3A 00 91 15 24 00 00 CE 75 88 B2 00 00 00 00 32 CA 85 B2 00 00 00 00 2B 24
17 00 3A 00 91 15 24 00 00 D9 52 88 B2 00 00 00 00 27 ED 85 B2 00 00 00 00 2C 24
17 00 3A 00 91 15 24 00 00 97 94 88 B2 00 00 00 00 69 AB 85 B2 00 00 00 00 2D 24
17 00 3A 00 91 15 24 00 00 4E 71 88 B2 00 00 00 00 B2 CE 85 B2 00 00 00 00 2E 24
17 00 3A 00 91 15 24 00 00 FC B3 88 B2 00 00 00 00 04 8C 85 B2 00 00 00 00 2F 24
17 00 3A 00 91 15 24 00 00 B8 90 88 B2 00 00 00 00 48 AF 85 B2 00 00 00 00 30 24
17 00 3A 00 91 15 24 00 00 A3 6D 88 B2 00 00 00 00 5D D2 85 B2 00 00 00 00 31 24
17 00 3A 00 91 15 24 00 00 E7 AF 88 B2 00 00 00 00 19 90 85 B2 00 00 00 00 32 24
17 00 3A 00 91 15 24 00 00 D4 8C 88 B2 00 00 00 00 2C B3 85 B2 00 00 00 00 33 24
17 00 3A 00 91 15 24 00 00 31 6A 88 B2 00 00 00 00 CF D5 85 B2 00 00 00 00 34 24
17 00 3A 00 91 15 24 00 00 56 AC 88 B2 00 00 00 00 AA 93 85 B2 00 00 00 00 35 24
17 00 3A 00 91 15 24 00 00 13 89 88 B2 00 00 00 00 ED B6 85 B2 00 00 00 00 36 24
17 00 3A 00 91 15 24 00 00 E8 65 88 B2 00 00 00 00 18 DA 85 B2 00 00 00 00 37 24
17 00 3A 00 91 15 24 00 00 96 A8 88 B2 00 00 00 00 6A 97 85 B2 00 00 00 00 38 24
17 00 3A 00 91 15 24 00 00 45 86 88 B2 00 00 00 00 BB B9 85 B2 00 00 00 00 39 24
17 00 3A 00 91 15 24 00 00 A9 63 88 B2 00 00 00 00 57 DC 85 B2 00 00 00 00 3A 24
17 00 3A 00 91 15 24 00 00 A3 A5 88 B2 00 00 00 00 5D 9A 85 B2 00 00 00 00 3B 24
17 00 3A 00 91 15 24 00 00 D9 83 88 B2 00 00 00 00 27 BC 85 B2 00 00 00 00 3C 24
17 00 3A 00 91 15 24 00 00 93 5F 88 B2 00 00 00 00 6D E0 85 B2 00 00 00 00 3D 24
17 00 3A 00 91 15 24 00 00 17 A3 88 B2 00 00 00 00 E9 9C 85 B2 00 00 00 00 3E 24
17 00 3A 00 91 15 24 00 00 34 80 88 B2 00 00 00 00 CC BF 85 B2 00 00 00 00 3F 24
17 00 3A 00 91 15 24 00 00 BA 5D 88 B2 00 00 00 00 46 E2 85 B2 00 00 00 00 40 24
17 00 3A 00 91 15 24 00 00 1B A0 88 B2 00 00 00 00 E5 9F 85 B2 00 00 00 00 41 24
17 00 3A 00 91 15 24 00 00 1E 7D 88 B2 00 00 00 00 E2 C2 85 B2 00 00 00 00 42 24
17 00 3A 00 91 15 24 00 00 F6 5A 88 B2 00 00 00 00 0A E5 85 B2 00 00 00 00 43 24
17 00 3A 00 91 15 24 0E 00 00 00 00 00 00 00 00 00 00 00 00 00 00 00 00 00 44 24
17 00 3A 00 91 15 24 00 00 A3 7A 88 B2 00 00 00 00 5D C5 85 B2 00 00 00 00 45 24
17 00 3A 00 91 15 24 0E 00 00 00 00 00 00 00 00 00 00 00 00 00 00 00 00 00 46 24
17 00 3A 00 91 15 24 00 00 35 9B 88 B2 00 00 00 00 CB A4 85 B2 00 00 00 00 47 24
17 00 3A 00 91 15 24 0E 00 00 00 00 00 00 00 00 00 00 00 00 00 00 00 00 00 48 24
17 00 3A 00 91 15 24 00 00 EF 56 88 B2 00 00 00 00 11 E9 85 B2 00 00 00 00 49 24
17 00 3A 00 91 15 24 00 00 9D 98 88 B2 00 00 00 00 63 A7 85 B2 00 00 00 00 4A 24
17 00 3A 00 91 15 24 00 00 23 77 88 B2 00 00 00 00 DD C8 85 B2 00 00 00 00 4B 24
17 00 3A 00 91 15 24 00 00 37 53 88 B2 00 00 00 00 C9 EC 85 B2 00 00 00 00 4C 24
17 00 3A 00 91 15 24 00 00 AE 97 88 B2 00 00 00 00 52 A8 85 B2 00 00 00 00 4D 24
17 00 3A 00 91 15 24 00 00 EB 75 88 B2 00 00 00 00 15 CA 85 B2 00 00 00 00 4E 24
17 00 3A 00 91 15 24 00 00 1F 53 88 B2 00 00 00 00 E1 EC 85 B2 00 00 00 00 4F 24
17 00 3A 00 91 15 24 00 00 57 96 88 B2 00 00 00 00 A9 A9 85 B2 00 00 00 00 50 24
17 00 3A 00 91 15 24 00 00 10 74 88 B2 00 00 00 00 F0 CB 85 B2 00 00 00 00 51 24
17 00 3A 00 91 15 24 00 00 57 B7 88 B2 00 00 00 00 A9 88 85 B2 00 00 00 00 52 24
17 00 3A 00 91 15 24 00 00 4A 95 88 B2 00 00 00 00 B6 AA 85 B2 00 00 00 00 53 24
17 00 3A 00 91 15 24 00 00 F5 72 88 B2 00 00 00 00 0B CD 85 B2 00 00 00 00 54 24
17 00 3A 00 91 15 24 00 00 1D B5 88 B2 00 00 00 00 E3 8A 85 B2 00 00 00 00 55 24
17 00 3A 00 91 15 24 00 00 4F 92 88 B2 00 00 00 00 B1 AD 85 B2 00 00 00 00 56 24
17 00 3A 00 91 15 24 00 00 87 6F 88 B2 00 00 00 00 79 D0 85 B2 00 00 00 00 57 24
17 00 3A 00 91 15 24 00 00 72 B2 88 B2 00 00 00 00 8E 8D 85 B2 00 00 00 00 58 24
17 00 3A 00 91 15 24 00 00 42 90 88 B2 00 00 00 00 BE AF 85 B2 00 00 00 00 59 24
17 00 3A 00 91 15 24 00 00 20 6E 88 B2 00 00 00 00 E0 D1 85 B2 00 00 00 00 5A 24
17 00 3A 00 91 15 24 00 00 2A B2 88 B2 00 00 00 00 D6 8D 85 B2 00 00 00 00 5B 24
17 00 3A 00 91 15 24 00 00 CC 8F 88 B2 00 00 00 00 34 B0 85 B2 00 00 00 00 5C 24
17 00 3A 00 91 15 24 00 00 28 6D 88 B2 00 00 00 00 D8 D2 85 B2 00 00 00 00 5D 24
17 00 3A 00 91 15 24 00 00 76 B0 88 B2 00 00 00 00 8A 8F 85 B2 00 00 00 00 5E 24
17 00 3A 00 91 15 24 00 00 72 8D 88 B2 00 00 00 00 8E B2 85 B2 00 00 00 00 5F 24
17 00 3A 00 91 15 24 00 00 9D 6B 88 B2 00 00 00 00 63 D4 85 B2 00 00 00 00 60 24
17 00 3A 00 91 15 24 00 00 3C AF 88 B2 00 00 00 00 C4 90 85 B2 00 00 00 00 61 24
17 00 3A 00 91 15 24 00 00 C1 8C 88 B2 00 00 00 00 3F B3 85 B2 00 00 00 00 62 24
17 00 3A 00 91 15 24 00 00 68 6A 88 B2 00 00 00 00 98 D5 85 B2 00 00 00 00 63 24
17 00 3A 00 91 15 24 00 00 CA AC 88 B2 00 00 00 00 36 93 85 B2 00 00 00 00 64 24
17 00 3A 00 91 15 24 00 00 D6 8A 88 B2 00 00 00 00 2A B5 85 B2 00 00 00 00 65 24
17 00 3A 00 91 15 24 00 00 6E 68 88 B2 00 00 00 00 92 D7 85 B2 00 00 00 00 66 24
17 00 3A 00 91 15 24 00 00 C7 AB 88 B2 00 00 00 00 39 94 85 B2 00 00 00 00 67 24
17 00 3A 00 91 15 24 00 00 9A 89 88 B2 00 00 00 00 66 B6 85 B2 00 00 00 00 68 24
17 00 3A 00 91 15 24 00 00 CC 66 88 B2 00 00 00 00 34 D9 85 B2 00 00 00 00 69 24
17 00 3A 00 91 15 24 00 00 ED A9 88 B2 00 00 00 00 13 96 85 B2 00 00 00 00 6A 24
17 00 3A 00 91 15 24 00 00 D1 86 88 B2 00 00 00 00 2F B9 85 B2 00 00 00 00 6B 24
17 00 3A 00 91 15 24 00 00 8C 65 88 B2 00 00 00 00 74 DA 85 B2 00 00 00 00 6C 24
17 00 3A 00 91 15 24 00 00 24 A8 88 B2 00 00 00 00 DC 97 85 B2 00 00 00 00 6D 24
17 00 3A 00 91 15 24 00 00 AC 85 88 B2 00 00 00 00 54 BA 85 B2 00 00 00 00 6E 24
17 00 3A 00 91 15 24 00 00 A2 63 88 B2 00 00 00 00 5E DC 85 B2 00 00 00 00 6F 24
17 00 3A 00 91 15 24 00 00 5F A6 88 B2 00 00 00 00 A1 99 85 B2 00 00 00 00 70 24
17 00 3A 00 91 15 24 00 00 A9 83 88 B2 00 00 00 00 57 BC 85 B2 00 00 00 00 71 24
17 00 3A 00 91 15 24 00 00 2B 61 88 B2 00 00 00 00 D5 DE 85 B2 00 00 00 00 72 24
17 00 3A 00 91 15 24 00 00 D7 A3 88 B2 00 00 00 00 29 9C 85 B2 00 00 00 00 73 24
17 00 3A 00 91 15 24 00 00 EC 80 88 B2 00 00 00 00 14 BF 85 B2 00 00 00 00 74 24
17 00 3A 00 91 15 24 00 00 87 5E 88 B2 00 00 00 00 79 E1 85 B2 00 00 00 00 75 24
17 00 3A 00 91 15 24 00 00 A5 A0 88 B2 00 00 00 00 5B 9F 85 B2 00 00 00 00 76 24
17 00 3A 00 91 15 24 00 00 CC 7E 88 B2 00 00 00 00 34 C1 85 B2 00 00 00 00 77 24
17 00 3A 00 91 15 24 00 00 0E 5C 88 B2 00 00 00 00 F2 E3 85 B2 00 00 00 00 78 24
17 00 3A 00 91 15 24 00 00 77 9F 88 B2 00 00 00 00 89 A0 85 B2 00 00 00 00 79 24
17 00 3A 00 91 15 24 00 00 A9 7C 88 B2 00 00 00 00 57 C3 85 B2 00 00 00 00 7A 24
17 00 3A 00 91 15 24 00 00 DE 59 88 B2 00 00 00 00 22 E6 85 B2 00 00 00 00 7B 24
