17 00 3A 00 91 15 24 00 00 2C 68 88 B2 00 00 00 00 D4 D7 85 B2 00 00 00 00 B1 18
17 00 3A 00 91 15 24 00 00 CE 40 88 B2 00 00 00 00 32 FF 85 B2 00 00 00 00 B2 18
17 00 3A 00 91 15 24 00 00 C3 3C 88 B2 00 00 00 00 3D 03 86 B2 00 00 00 00 B3 18
17 00 3A 00 91 15 24 00 00 77 2E 88 B2 00 00 00 00 89 11 86 B2 00 00 00 00 B4 18
17 00 3A 00 91 15 24 00 00 67 2C 88 B2 00 00 00 00 99 13 86 B2 00 00 00 00 B5 18
17 00 3A 00 91 15 24 00 00 DB 1B 88 B2 00 00 00 00 25 24 86 B2 00 00 00 00 B6 18
17 00 3A 00 91 15 24 00 00 1F 8D 88 B2 00 00 00 00 E1 B2 85 B2 00 00 00 00 B7 18
17 00 3A 00 91 15 24 00 00 8D 71 88 B2 00 00 00 00 73 CE 85 B2 00 00 00 00 B8 18
17 00 3A 00 91 15 24 00 00 FF 6E 88 B2 00 00 00 00 01 D1 85 B2 00 00 00 00 B9 18
17 00 3A 00 91 15 24 00 00 0B 5F 88 B2 00 00 00 00 F5 E0 85 B2 00 00 00 00 BA 18
17 00 3A 00 91 15 24 00 00 E1 60 88 B2 00 00 00 00 1F DF 85 B2 00 00 00 00 BB 18
17 00 3A 00 91 15 24 00 00 AB 4F 88 B2 00 00 00 00 55 F0 85 B2 00 00 00 00 BC 18
17 00 3A 00 91 15 24 00 00 8B 4D 88 B2 00 00 00 00 75 F2 85 B2 00 00 00 00 BD 18
17 00 3A 00 91 15 24 00 00 33 3F 88 B2 00 00 00 00 CD 00 86 B2 00 00 00 00 BE 18
17 00 3A 00 91 15 24 00 00 C2 40 88 B2 00 00 00 00 3E FF 85 B2 00 00 00 00 BF 18
17 00 3A 00 91 15 24 00 00 B3 30 88 B2 00 00 00 00 4D 0F 86 B2 00 00 00 00 C0 18
17 00 3A 00 91 15 24 00 00 0A 2F 88 B2 00 00 00 00 F6 10 86 B2 00 00 00 00 C1 18
17 00 3A 00 91 15 24 00 00 32 21 88 B2 00 00 00 00 CE 1E 86 B2 00 00 00 00 C2 18
17 00 3A 00 91 15 24 00 00 44 1F 88 B2 00 00 00 00 BC 20 86 B2 00 00 00 00 C3 18
17 00 3A 00 91 15 24 00 00 E3 77 88 B2 00 00 00 00 1D C8 85 B2 00 00 00 00 C4 18
17 00 3A 00 91 15 24 00 00 31 76 88 B2 00 00 00 00 CF C9 85 B2 00 00 00 00 C5 18
17 00 3A 00 91 15 24 00 00 5A 03 88 B2 00 00 00 00 A6 3C 86 B2 00 00 00 00 C6 18
17 00 3A 00 91 15 24 00 00 52 68 88 B2 00 00 00 00 AE D7 85 B2 00 00 00 00 C7 18
17 00 3A 00 91 15 24 00 00 EB 5A 88 B2 00 00 00 00 15 E5 85 B2 00 00 00 00 C8 18
17 00 3A 00 91 15 24 00 00 6B 59 88 B2 00 00 00 00 95 E6 85 B2 00 00 00 00 C9 18
17 00 3A 00 91 15 24 00 00 A1 4C 88 B2 00 00 00 00 5F F3 85 B2 00 00 00 00 CA 18
17 00 3A 00 91 15 24 00 00 9D 4A 88 B2 00 00 00 00 63 F5 85 B2 00 00 00 00 CB 18
17 00 3A 00 91 15 24 0E 00 00 00 00 00 00 00 00 00 00 00 00 00 00 00 00 00 CC 18
17 00 3A 00 91 15 24 00 00 A5 3C 88 B2 00 00 00 00 5B 03 86 B2 00 00 00 00 CD 18
17 00 3A 00 91 15 24 00 00 3C 30 88 B2 00 00 00 00 C4 0F 86 B2 00 00 00 00 CE 18
17 00 3A 00 91 15 24 00 00 AF 2E 88 B2 00 00 00 00 51 11 86 B2 00 00 00 00 CF 18
17 00 3A 00 91 15 24 00 00 C0 21 88 B2 00 00 00 00 40 1E 86 B2 00 00 00 00 D0 18
17 00 3A 00 91 15 24 00 00 68 35 88 B2 00 00 00 00 98 0A 86 B2 00 00 00 00 D1 18
17 00 3A 00 91 15 24 00 00 C1 7A 88 B2 00 00 00 00 3F C5 85 B2 00 00 00 00 D2 18
17 00 3A 00 91 15 24 00 00 04 84 88 B2 00 00 00 00 FC BB 85 B2 00 00 00 00 D3 18
17 00 3A 00 91 15 24 00 00 00 6D 88 B2 00 00 00 00 00 D3 85 B2 00 00 00 00 D4 18
17 00 3A 00 91 15 24 00 00 98 80 88 B2 00 00 00 00 68 BF 85 B2 00 00 00 00 D5 18
17 00 3A 00 91 15 24 00 00 1C 61 88 B2 00 00 00 00 E4 DE 85 B2 00 00 00 00 D6 18
17 00 3A 00 91 15 24 00 00 54 73 88 B2 00 00 00 00 AC CC 85 B2 00 00 00 00 D7 18
17 00 3A 00 91 15 24 00 00 2B 53 88 B2 00 00 00 00 D5 EC 85 B2 00 00 00 00 D8 18
17 00 3A 00 91 15 24 00 00 00 68 88 B2 00 00 00 00 00 D8 85 B2 00 00 00 00 D9 18
17 00 3A 00 91 15 24 00 00 FE 45 88 B2 00 00 00 00 02 FA 85 B2 00 00 00 00 DA 18
17 00 3A 00 91 15 24 00 00 C4 5B 88 B2 00 00 00 00 3C E4 85 B2 00 00 00 00 DB 18
17 00 3A 00 91 15 24 00 00 0E 39 88 B2 00 00 00 00 F2 06 86 B2 00 00 00 00 DC 18
17 00 3A 00 91 15 24 00 00 A8 4E 88 B2 00 00 00 00 58 F1 85 B2 00 00 00 00 DD 18
17 00 3A 00 91 15 24 00 00 21 2C 88 B2 00 00 00 00 DF 13 86 B2 00 00 00 00 DE 18
17 00 3A 00 91 15 24 00 00 E8 39 88 B2 00 00 00 00 18 06 86 B2 00 00 00 00 DF 18
17 00 3A 00 91 15 24 00 00 FF 1E 88 B2 00 00 00 00 01 21 86 B2 00 00 00 00 E0 18
17 00 3A 00 91 15 24 00 00 A5 2C 88 B2 00 00 00 00 5B 13 86 B2 00 00 00 00 E1 18
17 00 3A 00 91 15 24 00 00 51 79 88 B2 00 00 00 00 AF C6 85 B2 00 00 00 00 E2 18
17 00 3A 00 91 15 24 00 00 62 77 88 B2 00 00 00 00 9E C8 85 B2 00 00 00 00 E3 18
17 00 3A 00 91 15 24 00 00 FD 6C 88 B2 00 00 00 00 03 D3 85 B2 00 00 00 00 E4 18
17 00 3A 00 91 15 24 00 00 F0 75 88 B2 00 00 00 00 10 CA 85 B2 00 00 00 00 E5 18
17 00 3A 00 91 15 24 16 00 00 00 00 00 00 00 00 00 00 00 00 00 00 00 00 00 E6 18
17 00 3A 00 91 15 24 00 00 60 60 88 B2 00 00 00 00 A0 DF 85 B2 00 00 00 00 E7 18
17 00 3A 00 91 15 24 00 00 B2 54 88 B2 00 00 00 00 4E EB 85 B2 00 00 00 00 E8 18
17 00 3A 00 91 15 24 00 00 D8 53 88 B2 00 00 00 00 28 EC 85 B2 00 00 00 00 E9 18
17 00 3A 00 91 15 24 00 00 AB 49 88 B2 00 00 00 00 55 F6 85 B2 00 00 00 00 EA 18
17 00 3A 00 91 15 24 00 00 D6 48 88 B2 00 00 00 00 2A F7 85 B2 00 00 00 00 EB 18
17 00 3A 00 91 15 24 00 00 6E 3E 88 B2 00 00 00 00 92 01 86 B2 00 00 00 00 EC 18
17 00 3A 00 91 15 24 00 00 C8 3D 88 B2 00 00 00 00 38 02 86 B2 00 00 00 00 ED 18
17 00 3A 00 91 15 24 00 00 98 32 88 B2 00 00 00 00 68 0D 86 B2 00 00 00 00 EE 18
17 00 3A 00 91 15 24 00 00 49 32 88 B2 00 00 00 00 B7 0D 86 B2 00 00 00 00 EF 18
17 00 3A 00 91 15 24 00 00 09 28 88 B2 00 00 00 00 F7 17 86 B2 00 00 00 00 F0 18
17 00 3A 00 91 15 24 00 00 F7 27 88 B2 00 00 00 00 09 18 86 B2 00 00 00 00 F1 18
17 00 3A 00 91 15 24 00 00 09 1D 88 B2 00 00 00 00 F7 22 86 B2 00 00 00 00 F2 18
17 00 3A 00 91 15 24 00 00 BA 1C 88 B2 00 00 00 00 46 23 86 B2 00 00 00 00 F3 18
17 00 3A 00 91 15 24 00 00 09 78 88 B2 00 00 00 00 F7 C7 85 B2 00 00 00 00 F4 18
17 00 3A 00 91 15 24 00 00 64 77 88 B2 00 00 00 00 9C C8 85 B2 00 00 00 00 F5 18
17 00 3A 00 91 15 24 00 00 41 6D 88 B2 00 00 00 00 BF D2 85 B2 00 00 00 00 F6 18
17 00 3A 00 91 15 24 00 00 DE 6C 88 B2 00 00 00 00 22 D3 85 B2 00 00 00 00 F7 18
17 00 3A 00 91 15 24 00 00 4F 61 88 B2 00 00 00 00 B1 DE 85 B2 00 00 00 00 F8 18
17 00 3A 00 91 15 24 00 00 F4 61 88 B2 00 00 00 00 0C DE 85 B2 00 00 00 00 F9 18
17 00 3A 00 91 15 24 00 00 CA 56 88 B2 00 00 00 00 36 E9 85 B2 00 00 00 00 FA 18
17 00 3A 00 91 15 24 00 00 7D 56 88 B2 00 00 00 00 83 E9 85 B2 00 00 00 00 FB 18
17 00 3A 00 91 15 24 00 00 2E 4D 88 B2 00 00 00 00 D2 F2 85 B2 00 00 00 00 FC 18
17 00 3A 00 91 15 24 00 00 3B 4C 88 B2 00 00 00 00 C5 F3 85 B2 00 00 00 00 FD 18
17 00 3A 00 91 15 24 00 00 BC 41 88 B2 00 00 00 00 44 FE 85 B2 00 00 00 00 FE 18
17 00 3A 00 91 15 24 00 00 18 42 88 B2 00 00 00 00 E8 FD 85 B2 00 00 00 00 FF 18
17 00 3A 00 91 15 24 00 00 17 39 88 B2 00 00 00 00 E9 06 86 B2 00 00 00 00 00 19
17 00 3A 00 91 15 24 00 00 53 38 88 B2 00 00 00 00 AD 07 86 B2 00 00 00 00 01 19
17 00 3A 00 91 15 24 00 00 33 2F 88 B2 00 00 00 00 CD 10 86 B2 00 00 00 00 02 19
17 00 3A 00 91 15 24 00 00 E6 2E 88 B2 00 00 00 00 1A 11 86 B2 00 00 00 00 03 19
17 00 3A 00 91 15 24 00 00 20 26 88 B2 00 00 00 00 E0 19 86 B2 00 00 00 00 04 19
17 00 3A 00 91 15 24 00 00 12 26 88 B2 00 00 00 00 EE 19 86 B2 00 00 00 00 05 19
17 00 3A 00 91 15 24 00 00 79 1C 88 B2 00 00 00 00 87 23 86 B2 00 00 00 00 06 19
17 00 3A 00 91 15 24 00 00 EE 1B 88 B2 00 00 00 00 12 24 86 B2 00 00 00 00 07 19
17 00 3A 00 91 15 24 00 00 08 79 88 B2 00 00 00 00 F8 C6 85 B2 00 00 00 00 08 19
17 00 3A 00 91 15 24 00 00 1B 79 88 B2 00 00 00 00 E5 C6 85 B2 00 00 00 00 09 19
17 00 3A 00 91 15 24 00 00 D2 6F 88 B2 00 00 00 00 2E D0 85 B2 00 00 00 00 0A 19
17 00 3A 00 91 15 24 00 00 2F 70 88 B2 00 00 00 00 D1 CF 85 B2 00 00 00 00 0B 19
17 00 3A 00 91 15 24 00 00 0A 66 88 B2 00 00 00 00 F6 D9 85 B2 00 00 00 00 0C 19
17 00 3A 00 91 15 24 00 00 30 67 88 B2 00 00 00 00 D0 D8 85 B2 00 00 00 00 0D 19
17 00 3A 00 91 15 24 00 00 DE 5E 88 B2 00 00 00 00 22 E1 85 B2 00 00 00 00 0E 19
17 00 3A 00 91 15 24 00 00 0A 60 88 B2 00 00 00 00 F6 DF 85 B2 00 00 00 00 0F 19
17 00 3A 00 91 15 24 00 00 D3 56 88 B2 00 00 00 00 2D E9 85 B2 00 00 00 00 10 19
17 00 3A 00 91 15 24 00 00 60 57 88 B2 00 00 00 00 A0 E8 85 B2 00 00 00 00 11 19
17 00 3A 00 91 15 24 00 00 CB 4E 88 B2 00 00 00 00 35 F1 85 B2 00 00 00 00 12 19
17 00 3A 00 91 15 24 00 00 BE 4F 88 B2 00 00 00 00 42 F0 85 B2 00 00 00 00 13 19
17 00 3A 00 91 15 24 00 00 70 46 88 B2 00 00 00 00 90 F9 85 B2 00 00 00 00 14 19
17 00 3A 00 91 15 24 00 00 9F 47 88 B2 00 00 00 00 61 F8 85 B2 00 00 00 00 15 19
17 00 3A 00 91 15 24 00 00 AE 3E 88 B2 00 00 00 00 52 01 86 B2 00 00 00 00 16 19
17 00 3A 00 91 15 24 00 00 95 3F 88 B2 00 00 00 00 6B 00 86 B2 00 00 00 00 17 19
17 00 3A 00 91 15 24 00 00 ED 35 88 B2 00 00 00 00 13 0A 86 B2 00 00 00 00 18 19
17 00 3A 00 91 15 24 00 00 C2 38 88 B2 00 00 00 00 3E 07 86 B2 00 00 00 00 19 19
17 00 3A 00 91 15 24 00 00 A4 30 88 B2 00 00 00 00 5C 0F 86 B2 00 00 00 00 1A 19
17 00 3A 00 91 15 24 00 00 AE 31 88 B2 00 00 00 00 52 0E 86 B2 00 00 00 00 1B 19
17 00 3A 00 91 15 24 00 00 47 28 88 B2 00 00 00 00 B9 17 86 B2 00 00 00 00 1C 19
17 00 3A 00 91 15 24 00 00 93 2A 88 B2 00 00 00 00 6D 15 86 B2 00 00 00 00 1D 19
17 00 3A 00 91 15 24 00 00 A4 21 88 B2 00 00 00 00 5C 1E 86 B2 00 00 00 00 1E 19
17 00 3A 00 91 15 24 00 00 D6 23 88 B2 00 00 00 00 2A 1C 86 B2 00 00 00 00 1F 19
17 00 3A 00 91 15 24 00 00 CF 1A 88 B2 00 00 00 00 31 25 86 B2 00 00 00 00 20 19
17 00 3A 00 91 15 24 00 00 D7 1D 88 B2 00 00 00 00 29 22 86 B2 00 00 00 00 21 19
17 00 3A 00 91 15 24 00 00 39 7B 88 B2 00 00 00 00 C7 C4 85 B2 00 00 00 00 22 19
17 00 3A 00 91 15 24 00 00 F2 8B 88 B2 00 00 00 00 0E B4 85 B2 00 00 00 00 23 19
17 00 3A 00 91 15 24 00 00 88 75 88 B2 00 00 00 00 78 CA 85 B2 00 00 00 00 24 19
17 00 3A 00 91 15 24 00 00 FF 76 88 B2 00 00 00 00 01 C9 85 B2 00 00 00 00 25 19
17 00 3A 00 91 15 24 00 00 91 6E 88 B2 00 00 00 00 6F D1 85 B2 00 00 00 00 26 19
17 00 3A 00 91 15 24 00 00 E8 70 88 B2 00 00 00 00 18 CF 85 B2 00 00 00 00 27 19
17 00 3A 00 91 15 24 00 00 DB 68 88 B2 00 00 00 00 25 D7 85 B2 00 00 00 00 28 19
17 00 3A 00 91 15 24 00 00 68 6B 88 B2 00 00 00 00 98 D4 85 B2 00 00 00 00 29 19
17 00 3A 00 91 15 24 00 00 66 63 88 B2 00 00 00 00 9A DC 85 B2 00 00 00 00 2A 19
17 00 3A 00 91 15 24 00 00 2A 74 88 B2 00 00 00 00 D6 CB 85 B2 00 00 00 00 2B 19
17 00 3A 00 91 15 24 00 00 95 5E 88 B2 00 00 00 00 6B E1 85 B2 00 00 00 00 2C 19
17 00 3A 00 91 15 24 00 00 66 70 88 B2 00 00 00 00 9A CF 85 B2 00 00 00 00 2D 19
17 00 3A 00 91 15 24 00 00 6B 5B 88 B2 00 00 00 00 95 E4 85 B2 00 00 00 00 2E 19
17 00 3A 00 91 15 24 00 00 93 5E 88 B2 00 00 00 00 6D E1 85 B2 00 00 00 00 2F 19
17 00 3A 00 91 15 24 00 00 83 58 88 B2 00 00 00 00 7D E7 85 B2 00 00 00 00 30 19
17 00 3A 00 91 15 24 00 00 19 6B 88 B2 00 00 00 00 E7 D4 85 B2 00 00 00 00 31 19
17 00 3A 00 91 15 24 00 00 62 57 88 B2 00 00 00 00 9E E8 85 B2 00 00 00 00 32 19
17 00 3A 00 91 15 24 00 00 51 5C 88 B2 00 00 00 00 AF E3 85 B2 00 00 00 00 33 19
17 00 3A 00 91 15 24 00 00 73 57 88 B2 00 00 00 00 8D E8 85 B2 00 00 00 00 34 19
17 00 3A 00 91 15 24 00 00 C1 6C 88 B2 00 00 00 00 3F D3 85 B2 00 00 00 00 35 19
17 00 3A 00 91 15 24 00 00 9C 57 88 B2 00 00 00 00 64 E8 85 B2 00 00 00 00 36 19
17 00 3A 00 91 15 24 00 00 E3 6A 88 B2 00 00 00 00 1D D5 85 B2 00 00 00 00 37 19
17 00 3A 00 91 15 24 00 00 DC 58 88 B2 00 00 00 00 24 E7 85 B2 00 00 00 00 38 19
17 00 3A 00 91 15 24 00 00 DD 67 88 B2 00 00 00 00 23 D8 85 B2 00 00 00 00 39 19
17 00 3A 00 91 15 24 00 00 24 5A 88 B2 00 00 00 00 DC E5 85 B2 00 00 00 00 3A 19
17 00 3A 00 91 15 24 00 00 BF 5F 88 B2 00 00 00 00 41 E0 85 B2 00 00 00 00 3B 19
17 00 3A 00 91 15 24 00 00 3D 5C 88 B2 00 00 00 00 C3 E3 85 B2 00 00 00 00 3C 19
17 00 3A 00 91 15 24 00 00 56 62 88 B2 00 00 00 00 AA DD 85 B2 00 00 00 00 3D 19
17 00 3A 00 91 15 24 00 00 55 5F 88 B2 00 00 00 00 AB E0 85 B2 00 00 00 00 3E 19
17 00 3A 00 91 15 24 00 00 A6 72 88 B2 00 00 00 00 5A CD 85 B2 00 00 00 00 3F 19
17 00 3A 00 91 15 24 00 00 B4 61 88 B2 00 00 00 00 4C DE 85 B2 00 00 00 00 40 19
17 00 3A 00 91 15 24 00 00 19 6A 88 B2 00 00 00 00 E7 D5 85 B2 00 00 00 00 41 19
17 00 3A 00 91 15 24 00 00 F3 63 88 B2 00 00 00 00 0D DC 85 B2 00 00 00 00 42 19
17 00 3A 00 91 15 24 00 00 8A 6B 88 B2 00 00 00 00 76 D4 85 B2 00 00 00 00 43 19
17 00 3A 00 91 15 24 00 00 AE 67 88 B2 00 00 00 00 52 D8 85 B2 00 00 00 00 44 19
17 00 3A 00 91 15 24 00 00 7D 6E 88 B2 00 00 00 00 83 D1 85 B2 00 00 00 00 45 19
17 00 3A 00 91 15 24 16 00 00 00 00 00 00 00 00 00 00 00 00 00 00 00 00 00 46 19
17 00 3A 00 91 15 24 00 00 52 72 88 B2 00 00 00 00 AE CD 85 B2 00 00 00 00 47 19
17 00 3A 00 91 15 24 00 00 7D 6E 88 B2 00 00 00 00 83 D1 85 B2 00 00 00 00 48 19
17 00 3A 00 91 15 24 00 00 24 75 88 B2 00 00 00 00 DC CA 85 B2 00 00 00 00 49 19
17 00 3A 00 91 15 24 00 00 2C 73 88 B2 00 00 00 00 D4 CC 85 B2 00 00 00 00 4A 19
17 00 3A 00 91 15 24 00 00 DD 78 88 B2 00 00 00 00 23 C7 85 B2 00 00 00 00 4B 19
17 00 3A 00 91 15 24 00 00 CC 75 88 B2 00 00 00 00 34 CA 85 B2 00 00 00 00 4C 19
17 00 3A 00 91 15 24 00 00 D4 7C 88 B2 00 00 00 00 2C C3 85 B2 00 00 00 00 4D 19
17 00 3A 00 91 15 24 00 00 57 79 88 B2 00 00 00 00 A9 C6 85 B2 00 00 00 00 4E 19
17 00 3A 00 91 15 24 00 00 DB 80 88 B2 00 00 00 00 25 BF 85 B2 00 00 00 00 4F 19
17 00 3A 00 91 15 24 00 00 74 18 88 B2 00 00 00 00 8C 27 86 B2 00 00 00 00 50 19
17 00 3A 00 91 15 24 00 00 98 1F 88 B2 00 00 00 00 68 20 86 B2 00 00 00 00 51 19
17 00 3A 00 91 15 24 00 00 D9 1C 88 B2 00 00 00 00 27 23 86 B2 00 00 00 00 52 19
17 00 3A 00 91 15 24 00 00 62 28 88 B2 00 00 00 00 9E 17 86 B2 00 00 00 00 53 19
17 00 3A 00 91 15 24 00 00 07 20 88 B2 00 00 00 00 F9 1F 86 B2 00 00 00 00 54 19
17 00 3A 00 91 15 24 00 00 EF 26 88 B2 00 00 00 00 11 19 86 B2 00 00 00 00 55 19
17 00 3A 00 91 15 24 00 00 A8 23 88 B2 00 00 00 00 58 1C 86 B2 00 00 00 00 56 19
17 00 3A 00 91 15 24 00 00 6C 2A 88 B2 00 00 00 00 94 15 86 B2 00 00 00 00 57 19
17 00 3A 00 91 15 24 00 00 50 27 88 B2 00 00 00 00 B0 18 86 B2 00 00 00 00 58 19
17 00 3A 00 91 15 24 00 00 E0 2D 88 B2 00 00 00 00 20 12 86 B2 00 00 00 00 59 19
17 00 3A 00 91 15 24 0E 00 00 00 00 00 00 00 00 00 00 00 00 00 00 00 00 00 5A 19
17 00 3A 00 91 15 24 00 00 7E 33 88 B2 00 00 00 00 82 0C 86 B2 00 00 00 00 5B 19
17 00 3A 00 91 15 24 00 00 E0 2D 88 B2 00 00 00 00 20 12 86 B2 00 00 00 00 5C 19
17 00 3A 00 91 15 24 00 00 4F 43 88 B2 00 00 00 00 B1 FC 85 B2 00 00 00 00 5D 19
17 00 3A 00 91 15 24 16 00 00 00 00 00 00 00 00 00 00 00 00 00 00 00 00 00 5E 19
17 00 3A 00 91 15 24 00 00 15 38 88 B2 00 00 00 00 EB 07 86 B2 00 00 00 00 5F 19
17 00 3A 00 91 15 24 00 00 45 35 88 B2 00 00 00 00 BB 0A 86 B2 00 00 00 00 60 19
17 00 3A 00 91 15 24 00 00 5D 3B 88 B2 00 00 00 00 A3 04 86 B2 00 00 00 00 61 19
17 00 3A 00 91 15 24 00 00 67 38 88 B2 00 00 00 00 99 07 86 B2 00 00 00 00 62 19
17 00 3A 00 91 15 24 00 00 FA 3F 88 B2 00 00 00 00 06 00 86 B2 00 00 00 00 63 19
17 00 3A 00 91 15 24 00 00 CA 3B 88 B2 00 00 00 00 36 04 86 B2 00 00 00 00 64 19
17 00 3A 00 91 15 24 00 00 51 42 88 B2 00 00 00 00 AF FD 85 B2 00 00 00 00 65 19
17 00 3A 00 91 15 24 00 00 2C 3E 88 B2 00 00 00 00 D4 01 86 B2 00 00 00 00 66 19
17 00 3A 00 91 15 24 00 00 E6 44 88 B2 00 00 00 00 1A FB 85 B2 00 00 00 00 67 19
17 00 3A 00 91 15 24 00 00 CB 41 88 B2 00 00 00 00 35 FE 85 B2 00 00 00 00 68 19
17 00 3A 00 91 15 24 00 00 05 48 88 B2 00 00 00 00 FB F7 85 B2 00 00 00 00 69 19
17 00 3A 00 91 15 24 00 00 D8 43 88 B2 00 00 00 00 28 FC 85 B2 00 00 00 00 6A 19
17 00 3A 00 91 15 24 00 00 AA 4A 88 B2 00 00 00 00 56 F5 85 B2 00 00 00 00 6B 19
17 00 3A 00 91 15 24 00 00 D3 46 88 B2 00 00 00 00 2D F9 85 B2 00 00 00 00 6C 19
17 00 3A 00 91 15 24 00 00 56 4D 88 B2 00 00 00 00 AA F2 85 B2 00 00 00 00 6D 19
17 00 3A 00 91 15 24 16 00 00 00 00 00 00 00 00 00 00 00 00 00 00 00 00 00 6E 19
17 00 3A 00 91 15 24 00 00 81 4F 88 B2 00 00 00 00 7F F0 85 B2 00 00 00 00 6F 19
17 00 3A 00 91 15 24 00 00 B3 4B 88 B2 00 00 00 00 4D F4 85 B2 00 00 00 00 70 19
17 00 3A 00 91 15 24 00 00 88 52 88 B2 00 00 00 00 78 ED 85 B2 00 00 00 00 71 19
17 00 3A 00 91 15 24 00 00 04 4F 88 B2 00 00 00 00 FC F0 85 B2 00 00 00 00 72 19
17 00 3A 00 91 15 24 00 00 26 55 88 B2 00 00 00 00 DA EA 85 B2 00 00 00 00 73 19
17 00 3A 00 91 15 24 00 00 E2 50 88 B2 00 00 00 00 1E EF 85 B2 00 00 00 00 74 19
17 00 3A 00 91 15 24 00 00 49 57 88 B2 00 00 00 00 B7 E8 85 B2 00 00 00 00 75 19
17 00 3A 00 91 15 24 00 00 AA 52 88 B2 00 00 00 00 56 ED 85 B2 00 00 00 00 76 19
17 00 3A 00 91 15 24 00 00 AE 59 88 B2 00 00 00 00 52 E6 85 B2 00 00 00 00 77 19
17 00 3A 00 91 15 24 00 00 E4 54 88 B2 00 00 00 00 1C EB 85 B2 00 00 00 00 78 19
17 00 3A 00 91 15 24 00 00 A2 5B 88 B2 00 00 00 00 5E E4 85 B2 00 00 00 00 79 19
17 00 3A 00 91 15 24 00 00 FD 56 88 B2 00 00 00 00 03 E9 85 B2 00 00 00 00 7A 19
17 00 3A 00 91 15 24 00 00 B9 5D 88 B2 00 00 00 00 47 E2 85 B2 00 00 00 00 7B 19
17 00 3A 00 91 15 24 00 00 15 59 88 B2 00 00 00 00 EB E6 85 B2 00 00 00 00 7C 19
17 00 3A 00 91 15 24 00 00 89 5F 88 B2 00 00 00 00 77 E0 85 B2 00 00 00 00 7D 19
17 00 3A 00 91 15 24 00 00 53 5B 88 B2 00 00 00 00 AD E4 85 B2 00 00 00 00 7E 19
17 00 3A 00 91 15 24 00 00 FD 61 88 B2 00 00 00 00 03 DE 85 B2 00 00 00 00 7F 19
17 00 3A 00 91 15 24 00 00 87 5C 88 B2 00 00 00 00 79 E3 85 B2 00 00 00 00 80 19
17 00 3A 00 91 15 24 00 00 DC 62 88 B2 00 00 00 00 24 DD 85 B2 00 00 00 00 81 19
17 00 3A 00 91 15 24 00 00 09 60 88 B2 00 00 00 00 F7 DF 85 B2 00 00 00 00 82 19
17 00 3A 00 91 15 24 00 00 08 68 88 B2 00 00 00 00 F8 D7 85 B2 00 00 00 00 83 19
17 00 3A 00 91 15 24 16 00 00 00 00 00 00 00 00 00 00 00 00 00 00 00 00 00 84 19
17 00 3A 00 91 15 24 00 00 D8 67 88 B2 00 00 00 00 28 D8 85 B2 00 00 00 00 85 19
17 00 3A 00 91 15 24 00 00 23 64 88 B2 00 00 00 00 DD DB 85 B2 00 00 00 00 86 19
17 00 3A 00 91 15 24 00 00 AB 6B 88 B2 00 00 00 00 55 D4 85 B2 00 00 00 00 87 19
17 00 3A 00 91 15 24 00 00 DF 64 88 B2 00 00 00 00 21 DB 85 B2 00 00 00 00 88 19
17 00 3A 00 91 15 24 00 00 A8 6C 88 B2 00 00 00 00 58 D3 85 B2 00 00 00 00 89 19
17 00 3A 00 91 15 24 00 00 1F 69 88 B2 00 00 00 00 E1 D6 85 B2 00 00 00 00 8A 19
17 00 3A 00 91 15 24 00 00 F6 6F 88 B2 00 00 00 00 0A D0 85 B2 00 00 00 00 8B 19
17 00 3A 00 91 15 24 00 00 60 6C 88 B2 00 00 00 00 A0 D3 85 B2 00 00 00 00 8C 19
17 00 3A 00 91 15 24 00 00 9C 72 88 B2 00 00 00 00 64 CD 85 B2 00 00 00 00 8D 19
17 00 3A 00 91 15 24 00 00 84 6F 88 B2 00 00 00 00 7C D0 85 B2 00 00 00 00 8E 19
17 00 3A 00 91 15 24 00 00 38 76 88 B2 00 00 00 00 C8 C9 85 B2 00 00 00 00 8F 19
17 00 3A 00 91 15 24 00 00 67 73 88 B2 00 00 00 00 99 CC 85 B2 00 00 00 00 90 19
17 00 3A 00 91 15 24 00 00 69 79 88 B2 00 00 00 00 97 C6 85 B2 00 00 00 00 91 19
17 00 3A 00 91 15 24 00 00 67 76 88 B2 00 00 00 00 99 C9 85 B2 00 00 00 00 92 19
17 00 3A 00 91 15 24 00 00 E1 7D 88 B2 00 00 00 00 1F C2 85 B2 00 00 00 00 93 19
17 00 3A 00 91 15 24 00 00 90 79 88 B2 00 00 00 00 70 C6 85 B2 00 00 00 00 94 19
17 00 3A 00 91 15 24 00 00 D2 80 88 B2 00 00 00 00 2E BF 85 B2 00 00 00 00 95 19
17 00 3A 00 91 15 24 00 00 D2 17 88 B2 00 00 00 00 2E 28 86 B2 00 00 00 00 96 19
17 00 3A 00 91 15 24 00 00 95 1E 88 B2 00 00 00 00 6B 21 86 B2 00 00 00 00 97 19
17 00 3A 00 91 15 24 00 00 CE 1B 88 B2 00 00 00 00 32 24 86 B2 00 00 00 00 98 19
17 00 3A 00 91 15 24 00 00 09 2E 88 B2 00 00 00 00 F7 11 86 B2 00 00 00 00 99 19
17 00 3A 00 91 15 24 00 00 51 20 88 B2 00 00 00 00 AF 1F 86 B2 00 00 00 00 9A 19
17 00 3A 00 91 15 24 00 00 00 33 88 B2 00 00 00 00 00 0D 86 B2 00 00 00 00 9B 19
17 00 3A 00 91 15 24 00 00 C9 23 88 B2 00 00 00 00 37 1C 86 B2 00 00 00 00 9C 19
17 00 3A 00 91 15 24 00 00 33 2A 88 B2 00 00 00 00 CD 15 86 B2 00 00 00 00 9D 19
17 00 3A 00 91 15 24 00 00 1A 28 88 B2 00 00 00 00 E6 17 86 B2 00 00 00 00 9E 19
17 00 3A 00 91 15 24 00 00 3E 2E 88 B2 00 00 00 00 C2 11 86 B2 00 00 00 00 9F 19
17 00 3A 00 91 15 24 00 00 DC 2C 88 B2 00 00 00 00 24 13 86 B2 00 00 00 00 A0 19
17 00 3A 00 91 15 24 00 00 48 3D 88 B2 00 00 00 00 B8 02 86 B2 00 00 00 00 A1 19
17 00 3A 00 91 15 24 00 00 EF 30 88 B2 00 00 00 00 11 0F 86 B2 00 00 00 00 A2 19
17 00 3A 00 91 15 24 00 00 78 3B 88 B2 00 00 00 00 88 04 86 B2 00 00 00 00 A3 19
17 00 3A 00 91 15 24 00 00 30 36 88 B2 00 00 00 00 D0 09 86 B2 00 00 00 00 A4 19
17 00 3A 00 91 15 24 00 00 6C 3B 88 B2 00 00 00 00 94 04 86 B2 00 00 00 00 A5 19
17 00 3A 00 91 15 24 00 00 6C 39 88 B2 00 00 00 00 94 06 86 B2 00 00 00 00 A6 19
17 00 3A 00 91 15 24 00 00 63 4A 88 B2 00 00 00 00 9D F5 85 B2 00 00 00 00 A7 19
17 00 3A 00 91 15 24 00 00 1E 3E 88 B2 00 00 00 00 E2 01 86 B2 00 00 00 00 A8 19
17 00 3A 00 91 15 24 00 00 6C 4E 88 B2 00 00 00 00 94 F1 85 B2 00 00 00 00 A9 19
17 00 3A 00 91 15 24 00 00 21 42 88 B2 00 00 00 00 DF FD 85 B2 00 00 00 00 AA 19
17 00 3A 00 91 15 24 00 00 FD 48 88 B2 00 00 00 00 03 F7 85 B2 00 00 00 00 AB 19
17 00 3A 00 91 15 24 00 00 7C 46 88 B2 00 00 00 00 84 F9 85 B2 00 00 00 00 AC 19
17 00 3A 00 91 15 24 00 00 D3 4D 88 B2 00 00 00 00 2D F2 85 B2 00 00 00 00 AD 19
17 00 3A 00 91 15 24 00 00 E3 4B 88 B2 00 00 00 00 1D F4 85 B2 00 00 00 00 AE 19
17 00 3A 00 91 15 24 00 00 34 61 88 B2 00 00 00 00 CC DE 85 B2 00 00 00 00 AF 19
17 00 3A 00 91 15 24 00 00 2C 51 88 B2 00 00 00 00 D4 EE 85 B2 00 00 00 00 B0 19
17 00 3A 00 91 15 24 00 00 78 67 88 B2 00 00 00 00 88 D8 85 B2 00 00 00 00 B1 19
17 00 3A 00 91 15 24 00 00 A6 56 88 B2 00 00 00 00 5A E9 85 B2 00 00 00 00 B2 19
17 00 3A 00 91 15 24 00 00 5A 5E 88 B2 00 00 00 00 A6 E1 85 B2 00 00 00 00 B3 19
17 00 3A 00 91 15 24 00 00 61 5C 88 B2 00 00 00 00 9F E3 85 B2 00 00 00 00 B4 19
17 00 3A 00 91 15 24 00 00 25 6A 88 B2 00 00 00 00 DB D5 85 B2 00 00 00 00 B5 19
17 00 3A 00 91 15 24 0E 00 00 00 00 00 00 00 00 00 00 00 00 00 00 00 00 00 B6 19
17 00 3A 00 91 15 24 00 00 74 6D 88 B2 00 00 00 00 8C D2 85 B2 00 00 00 00 B7 19
17 00 3A 00 91 15 24 00 00 F8 67 88 B2 00 00 00 00 08 D8 85 B2 00 00 00 00 B8 19
17 00 3A 00 91 15 24 00 00 49 6E 88 B2 00 00 00 00 B7 D1 85 B2 00 00 00 00 B9 19
17 00 3A 00 91 15 24 00 00 40 6C 88 B2 00 00 00 00 C0 D3 85 B2 00 00 00 00 BA 19
17 00 3A 00 91 15 24 00 00 F2 82 88 B2 00 00 00 00 0E BD 85 B2 00 00 00 00 BB 19
17 00 3A 00 91 15 24 00 00 57 72 88 B2 00 00 00 00 A9 CD 85 B2 00 00 00 00 BC 19
17 00 3A 00 91 15 24 00 00 94 88 88 B2 00 00 00 00 6C B7 85 B2 00 00 00 00 BD 19
17 00 3A 00 91 15 24 00 00 CB 78 88 B2 00 00 00 00 35 C7 85 B2 00 00 00 00 BE 19
17 00 3A 00 91 15 24 00 00 96 8A 88 B2 00 00 00 00 6A B5 85 B2 00 00 00 00 BF 19
17 00 3A 00 91 15 24 0E 00 00 00 00 00 00 00 00 00 00 00 00 00 00 00 00 00 C0 19
17 00 3A 00 91 15 24 00 00 22 2B 88 B2 00 00 00 00 DE 14 86 B2 00 00 00 00 C1 19
17 00 3A 00 91 15 24 00 00 87 1F 88 B2 00 00 00 00 79 20 86 B2 00 00 00 00 C2 19
17 00 3A 00 91 15 24 00 00 ED 27 88 B2 00 00 00 00 13 18 86 B2 00 00 00 00 C3 19
17 00 3A 00 91 15 24 00 00 87 26 88 B2 00 00 00 00 79 19 86 B2 00 00 00 00 C4 19
17 00 3A 00 91 15 24 00 00 10 38 88 B2 00 00 00 00 F0 07 86 B2 00 00 00 00 C5 19
17 00 3A 00 91 15 24 00 00 48 2C 88 B2 00 00 00 00 B8 13 86 B2 00 00 00 00 C6 19
17 00 3A 00 91 15 24 00 00 EA 42 88 B2 00 00 00 00 16 FD 85 B2 00 00 00 00 C7 19
17 00 3A 00 91 15 24 00 00 EA 33 88 B2 00 00 00 00 16 0C 86 B2 00 00 00 00 C8 19
17 00 3A 00 91 15 24 00 00 0D 41 88 B2 00 00 00 00 F3 FE 85 B2 00 00 00 00 C9 19
17 00 3A 00 91 15 24 00 00 C8 3A 88 B2 00 00 00 00 38 05 86 B2 00 00 00 00 CA 19
17 00 3A 00 91 15 24 00 00 55 43 88 B2 00 00 00 00 AB FC 85 B2 00 00 00 00 CB 19
17 00 3A 00 91 15 24 00 00 44 43 88 B2 00 00 00 00 BC FC 85 B2 00 00 00 00 CC 19
17 00 3A 00 91 15 24 00 00 51 4C 88 B2 00 00 00 00 AF F3 85 B2 00 00 00 00 CD 19
17 00 3A 00 91 15 24 00 00 D9 4B 88 B2 00 00 00 00 27 F4 85 B2 00 00 00 00 CE 19
17 00 3A 00 91 15 24 00 00 6F 55 88 B2 00 00 00 00 91 EA 85 B2 00 00 00 00 CF 19
17 00 3A 00 91 15 24 00 00 8B 55 88 B2 00 00 00 00 75 EA 85 B2 00 00 00 00 D0 19
17 00 3A 00 91 15 24 00 00 37 64 88 B2 00 00 00 00 C9 DB 85 B2 00 00 00 00 D1 19
17 00 3A 00 91 15 24 00 00 09 5F 88 B2 00 00 00 00 F7 E0 85 B2 00 00 00 00 D2 19
17 00 3A 00 91 15 24 00 00 B0 6E 88 B2 00 00 00 00 50 D1 85 B2 00 00 00 00 D3 19
17 00 3A 00 91 15 24 00 00 67 6A 88 B2 00 00 00 00 99 D5 85 B2 00 00 00 00 D4 19
17 00 3A 00 91 15 24 00 00 69 74 88 B2 00 00 00 00 97 CB 85 B2 00 00 00 00 D5 19
17 00 3A 00 91 15 24 00 00 DA 75 88 B2 00 00 00 00 26 CA 85 B2 00 00 00 00 D6 19
17 00 3A 00 91 15 24 00 00 AF 7F 88 B2 00 00 00 00 51 C0 85 B2 00 00 00 00 D7 19
17 00 3A 00 91 15 24 00 00 A4 1B 88 B2 00 00 00 00 5C 24 86 B2 00 00 00 00 D8 19
17 00 3A 00 91 15 24 00 00 72 2F 88 B2 00 00 00 00 8E 10 86 B2 00 00 00 00 D9 19
17 00 3A 00 91 15 24 00 00 9B 26 88 B2 00 00 00 00 65 19 86 B2 00 00 00 00 DA 19
17 00 3A 00 91 15 24 00 00 6F 33 88 B2 00 00 00 00 91 0C 86 B2 00 00 00 00 DB 19
17 00 3A 00 91 15 24 0E 00 00 00 00 00 00 00 00 00 00 00 00 00 00 00 00 00 DC 19
17 00 3A 00 91 15 24 00 00 F8 3C 88 B2 00 00 00 00 08 03 86 B2 00 00 00 00 DD 19
17 00 3A 00 91 15 24 00 00 15 3E 88 B2 00 00 00 00 EB 01 86 B2 00 00 00 00 DE 19
17 00 3A 00 91 15 24 00 00 10 4E 88 B2 00 00 00 00 F0 F1 85 B2 00 00 00 00 DF 19
17 00 3A 00 91 15 24 00 00 B9 4B 88 B2 00 00 00 00 47 F4 85 B2 00 00 00 00 E0 19
17 00 3A 00 91 15 24 00 00 5A 56 88 B2 00 00 00 00 A6 E9 85 B2 00 00 00 00 E1 19
17 00 3A 00 91 15 24 00 00 95 58 88 B2 00 00 00 00 6B E7 85 B2 00 00 00 00 E2 19
17 00 3A 00 91 15 24 00 00 27 64 88 B2 00 00 00 00 D9 DB 85 B2 00 00 00 00 E3 19
17 00 3A 00 91 15 24 00 00 0E 65 88 B2 00 00 00 00 F2 DA 85 B2 00 00 00 00 E4 19
17 00 3A 00 91 15 24 00 00 5E 70 88 B2 00 00 00 00 A2 CF 85 B2 00 00 00 00 E5 19
17 00 3A 00 91 15 24 00 00 4D 72 88 B2 00 00 00 00 B3 CD 85 B2 00 00 00 00 E6 19
17 00 3A 00 91 15 24 00 00 B2 7C 88 B2 00 00 00 00 4E C3 85 B2 00 00 00 00 E7 19
17 00 3A 00 91 15 24 00 00 6F 19 88 B2 00 00 00 00 91 26 86 B2 00 00 00 00 E8 19
17 00 3A 00 91 15 24 00 00 DD 24 88 B2 00 00 00 00 23 1B 86 B2 00 00 00 00 E9 19
17 00 3A 00 91 15 24 00 00 70 26 88 B2 00 00 00 00 90 19 86 B2 00 00 00 00 EA 19
17 00 3A 00 91 15 24 00 00 7A 34 88 B2 00 00 00 00 86 0B 86 B2 00 00 00 00 EB 19
17 00 3A 00 91 15 24 00 00 2F 32 88 B2 00 00 00 00 D1 0D 86 B2 00 00 00 00 EC 19
17 00 3A 00 91 15 24 00 00 05 3F 88 B2 00 00 00 00 FB 00 86 B2 00 00 00 00 ED 19
17 00 3A 00 91 15 24 00 00 36 40 88 B2 00 00 00 00 CA FF 85 B2 00 00 00 00 EE 19
17 00 3A 00 91 15 24 00 00 D3 4B 88 B2 00 00 00 00 2D F4 85 B2 00 00 00 00 EF 19
17 00 3A 00 91 15 24 00 00 11 4D 88 B2 00 00 00 00 EF F2 85 B2 00 00 00 00 F0 19
17 00 3A 00 91 15 24 00 00 4C 59 88 B2 00 00 00 00 B4 E6 85 B2 00 00 00 00 F1 19
17 00 3A 00 91 15 24 00 00 58 5A 88 B2 00 00 00 00 A8 E5 85 B2 00 00 00 00 F2 19
17 00 3A 00 91 15 24 00 00 9D 66 88 B2 00 00 00 00 63 D9 85 B2 00 00 00 00 F3 19
17 00 3A 00 91 15 24 00 00 DF 67 88 B2 00 00 00 00 21 D8 85 B2 00 00 00 00 F4 19
17 00 3A 00 91 15 24 00 00 2F 74 88 B2 00 00 00 00 D1 CB 85 B2 00 00 00 00 F5 19
17 00 3A 00 91 15 24 00 00 F8 74 88 B2 00 00 00 00 08 CB 85 B2 00 00 00 00 F6 19
17 00 3A 00 91 15 24 00 00 1F 81 88 B2 00 00 00 00 E1 BE 85 B2 00 00 00 00 F7 19
17 00 3A 00 91 15 24 00 00 33 1D 88 B2 00 00 00 00 CD 22 86 B2 00 00 00 00 F8 19
17 00 3A 00 91 15 24 00 00 B7 28 88 B2 00 00 00 00 49 17 86 B2 00 00 00 00 F9 19
17 00 3A 00 91 15 24 00 00 CC 2A 88 B2 00 00 00 00 34 15 86 B2 00 00 00 00 FA 19
17 00 3A 00 91 15 24 00 00 81 36 88 B2 00 00 00 00 7F 09 86 B2 00 00 00 00 FB 19
17 00 3A 00 91 15 24 00 00 A3 39 88 B2 00 00 00 00 5D 06 86 B2 00 00 00 00 FC 19
17 00 3A 00 91 15 24 00 00 98 43 88 B2 00 00 00 00 68 FC 85 B2 00 00 00 00 FD 19
17 00 3A 00 91 15 24 00 00 79 47 88 B2 00 00 00 00 87 F8 85 B2 00 00 00 00 FE 19
17 00 3A 00 91 15 24 00 00 7C 52 88 B2 00 00 00 00 84 ED 85 B2 00 00 00 00 FF 19
17 00 3A 00 91 15 24 00 00 AF 54 88 B2 00 00 00 00 51 EB 85 B2 00 00 00 00 00 1A
17 00 3A 00 91 15 24 00 00 CE 77 88 B2 00 00 00 00 32 C8 85 B2 00 00 00 00 01 1A
17 00 3A 00 91 15 24 00 00 48 63 88 B2 00 00 00 00 B8 DC 85 B2 00 00 00 00 02 1A
17 00 3A 00 91 15 24 00 00 28 6E 88 B2 00 00 00 00 D8 D1 85 B2 00 00 00 00 03 1A
17 00 3A 00 91 15 24 16 00 00 00 00 00 00 00 00 00 00 00 00 00 00 00 00 00 04 1A
17 00 3A 00 91 15 24 00 00 F5 7C 88 B2 00 00 00 00 0B C3 85 B2 00 00 00 00 05 1A
17 00 3A 00 91 15 24 00 00 1D 1A 88 B2 00 00 00 00 E3 25 86 B2 00 00 00 00 06 1A
17 00 3A 00 91 15 24 00 00 3C 26 88 B2 00 00 00 00 C4 19 86 B2 00 00 00 00 07 1A
17 00 3A 00 91 15 24 00 00 AC 27 88 B2 00 00 00 00 54 18 86 B2 00 00 00 00 08 1A
17 00 3A 00 91 15 24 00 00 92 43 88 B2 00 00 00 00 6E FC 85 B2 00 00 00 00 09 1A
17 00 3A 00 91 15 24 00 00 10 37 88 B2 00 00 00 00 F0 08 86 B2 00 00 00 00 0A 1A
17 00 3A 00 91 15 24 00 00 2F 4D 88 B2 00 00 00 00 D1 F2 85 B2 00 00 00 00 0B 1A
17 00 3A 00 91 15 24 00 00 04 46 88 B2 00 00 00 00 FC F9 85 B2 00 00 00 00 0C 1A
17 00 3A 00 91 15 24 00 00 27 60 88 B2 00 00 00 00 D9 DF 85 B2 00 00 00 00 0D 1A
17 00 3A 00 91 15 24 16 00 00 00 00 00 00 00 00 00 00 00 00 00 00 00 00 00 0E 1A
17 00 3A 00 91 15 24 00 00 84 78 88 B2 00 00 00 00 7C C7 85 B2 00 00 00 00 0F 1A
17 00 3A 00 91 15 24 00 00 D9 63 88 B2 00 00 00 00 27 DC 85 B2 00 00 00 00 10 1A
17 00 3A 00 91 15 24 00 00 EE 79 88 B2 00 00 00 00 12 C6 85 B2 00 00 00 00 11 1A
17 00 3A 00 91 15 24 00 00 3A 72 88 B2 00 00 00 00 C6 CD 85 B2 00 00 00 00 12 1A
17 00 3A 00 91 15 24 00 00 93 88 88 B2 00 00 00 00 6D B7 85 B2 00 00 00 00 13 1A
17 00 3A 00 91 15 24 00 00 1F 1C 88 B2 00 00 00 00 E1 23 86 B2 00 00 00 00 14 1A
17 00 3A 00 91 15 24 00 00 89 34 88 B2 00 00 00 00 77 0B 86 B2 00 00 00 00 15 1A
17 00 3A 00 91 15 24 00 00 3C 2B 88 B2 00 00 00 00 C4 14 86 B2 00 00 00 00 16 1A
17 00 3A 00 91 15 24 00 00 DD 42 88 B2 00 00 00 00 23 FD 85 B2 00 00 00 00 17 1A
17 00 3A 00 91 15 24 00 00 BC 3B 88 B2 00 00 00 00 44 04 86 B2 00 00 00 00 18 1A
17 00 3A 00 91 15 24 00 00 D9 54 88 B2 00 00 00 00 27 EB 85 B2 00 00 00 00 19 1A
17 00 3A 00 91 15 24 00 00 F4 4B 88 B2 00 00 00 00 0C F4 85 B2 00 00 00 00 1A 1A
17 00 3A 00 91 15 24 00 00 69 65 88 B2 00 00 00 00 97 DA 85 B2 00 00 00 00 1B 1A
17 00 3A 00 91 15 24 00 00 07 5E 88 B2 00 00 00 00 F9 E1 85 B2 00 00 00 00 1C 1A
17 00 3A 00 91 15 24 00 00 99 78 88 B2 00 00 00 00 67 C7 85 B2 00 00 00 00 1D 1A
17 00 3A 00 91 15 24 00 00 8F 72 88 B2 00 00 00 00 71 CD 85 B2 00 00 00 00 1E 1A
17 00 3A 00 91 15 24 00 00 6F 28 88 B2 00 00 00 00 91 17 86 B2 00 00 00 00 1F 1A
17 00 3A 00 91 15 24 00 00 18 23 88 B2 00 00 00 00 E8 1C 86 B2 00 00 00 00 20 1A
17 00 3A 00 91 15 24 00 00 8E 3F 88 B2 00 00 00 00 72 00 86 B2 00 00 00 00 21 1A
17 00 3A 00 91 15 24 00 00 6D 3A 88 B2 00 00 00 00 93 05 86 B2 00 00 00 00 22 1A
17 00 3A 00 91 15 24 00 00 D1 57 88 B2 00 00 00 00 2F E8 85 B2 00 00 00 00 23 1A
17 00 3A 00 91 15 24 00 00 D4 53 88 B2 00 00 00 00 2C EC 85 B2 00 00 00 00 24 1A
17 00 3A 00 91 15 24 00 00 FF 6F 88 B2 00 00 00 00 01 D0 85 B2 00 00 00 00 25 1A
17 00 3A 00 91 15 24 00 00 BC 6D 88 B2 00 00 00 00 44 D2 85 B2 00 00 00 00 26 1A
17 00 3A 00 91 15 24 00 00 AC 8C 88 B2 00 00 00 00 54 B3 85 B2 00 00 00 00 27 1A
17 00 3A 00 91 15 24 00 00 3A 23 88 B2 00 00 00 00 C6 1C 86 B2 00 00 00 00 28 1A
17 00 3A 00 91 15 24 00 00 53 42 88 B2 00 00 00 00 AD FD 85 B2 00 00 00 00 29 1A
17 00 3A 00 91 15 24 00 00 10 3F 88 B2 00 00 00 00 F0 00 86 B2 00 00 00 00 2A 1A
17 00 3A 00 91 15 24 00 00 44 5E 88 B2 00 00 00 00 BC E1 85 B2 00 00 00 00 2B 1A
17 00 3A 00 91 15 24 00 00 26 5C 88 B2 00 00 00 00 DA E3 85 B2 00 00 00 00 2C 1A
17 00 3A 00 91 15 24 00 00 39 7C 88 B2 00 00 00 00 C7 C3 85 B2 00 00 00 00 2D 1A
17 00 3A 00 91 15 24 00 00 B9 79 88 B2 00 00 00 00 47 C6 85 B2 00 00 00 00 2E 1A
17 00 3A 00 91 15 24 00 00 DD 34 88 B2 00 00 00 00 23 0B 86 B2 00 00 00 00 2F 1A
17 00 3A 00 91 15 24 00 00 8D 32 88 B2 00 00 00 00 73 0D 86 B2 00 00 00 00 30 1A
17 00 3A 00 91 15 24 00 00 0A 53 88 B2 00 00 00 00 F6 EC 85 B2 00 00 00 00 31 1A
17 00 3A 00 91 15 24 16 00 00 00 00 00 00 00 00 00 00 00 00 00 00 00 00 00 32 1A
17 00 3A 00 91 15 24 00 00 91 71 88 B2 00 00 00 00 6F CE 85 B2 00 00 00 00 33 1A
17 00 3A 00 91 15 24 00 00 49 70 88 B2 00 00 00 00 B7 CF 85 B2 00 00 00 00 34 1A
17 00 3A 00 91 15 24 00 00 4E 1F 88 B2 00 00 00 00 B2 20 86 B2 00 00 00 00 35 1A
17 00 3A 00 91 15 24 00 00 E4 2A 88 B2 00 00 00 00 1C 15 86 B2 00 00 00 00 36 1A
17 00 3A 00 91 15 24 00 00 B4 3F 88 B2 00 00 00 00 4C 00 86 B2 00 00 00 00 37 1A
17 00 3A 00 91 15 24 00 00 07 4B 88 B2 00 00 00 00 F9 F4 85 B2 00 00 00 00 38 1A
17 00 3A 00 91 15 24 00 00 E2 69 88 B2 00 00 00 00 1E D6 85 B2 00 00 00 00 39 1A
17 00 3A 00 91 15 24 00 00 37 6B 88 B2 00 00 00 00 C9 D4 85 B2 00 00 00 00 3A 1A
17 00 3A 00 91 15 24 00 00 1E 20 88 B2 00 00 00 00 E2 1F 86 B2 00 00 00 00 3B 1A
17 00 3A 00 91 15 24 00 00 18 28 88 B2 00 00 00 00 E8 17 86 B2 00 00 00 00 3C 1A
17 00 3A 00 91 15 24 00 00 AD 3D 88 B2 00 00 00 00 53 02 86 B2 00 00 00 00 3D 1A
17 00 3A 00 91 15 24 00 00 EA 4A 88 B2 00 00 00 00 16 F5 85 B2 00 00 00 00 3E 1A
17 00 3A 00 91 15 24 00 00 A0 6A 88 B2 00 00 00 00 60 D5 85 B2 00 00 00 00 3F 1A
17 00 3A 00 91 15 24 00 00 7E 6C 88 B2 00 00 00 00 82 D3 85 B2 00 00 00 00 40 1A
17 00 3A 00 91 15 24 00 00 0B 28 88 B2 00 00 00 00 F5 17 86 B2 00 00 00 00 41 1A
17 00 3A 00 91 15 24 00 00 89 2A 88 B2 00 00 00 00 77 15 86 B2 00 00 00 00 42 1A
17 00 3A 00 91 15 24 00 00 42 50 88 B2 00 00 00 00 BE EF 85 B2 00 00 00 00 43 1A
17 00 3A 00 91 15 24 00 00 F0 4E 88 B2 00 00 00 00 10 F1 85 B2 00 00 00 00 44 1A
17 00 3A 00 91 15 24 00 00 20 65 88 B2 00 00 00 00 E0 DA 85 B2 00 00 00 00 45 1A
17 00 3A 00 91 15 24 00 00 22 72 88 B2 00 00 00 00 DE CD 85 B2 00 00 00 00 46 1A
17 00 3A 00 91 15 24 00 00 FB 23 88 B2 00 00 00 00 05 1C 86 B2 00 00 00 00 47 1A
17 00 3A 00 91 15 24 00 00 4C 31 88 B2 00 00 00 00 B4 0E 86 B2 00 00 00 00 48 1A
17 00 3A 00 91 15 24 00 00 B1 48 88 B2 00 00 00 00 4F F7 85 B2 00 00 00 00 49 1A
17 00 3A 00 91 15 24 00 00 9A 55 88 B2 00 00 00 00 66 EA 85 B2 00 00 00 00 4A 1A
17 00 3A 00 91 15 24 00 00 3F 6E 88 B2 00 00 00 00 C1 D1 85 B2 00 00 00 00 4B 1A
17 00 3A 00 91 15 24 00 00 96 7B 88 B2 00 00 00 00 6A C4 85 B2 00 00 00 00 4C 1A
17 00 3A 00 91 15 24 00 00 01 2E 88 B2 00 00 00 00 FF 11 86 B2 00 00 00 00 4D 1A
17 00 3A 00 91 15 24 00 00 50 3C 88 B2 00 00 00 00 B0 03 86 B2 00 00 00 00 4E 1A
17 00 3A 00 91 15 24 00 00 72 54 88 B2 00 00 00 00 8E EB 85 B2 00 00 00 00 4F 1A
17 00 3A 00 91 15 24 00 00 A9 62 88 B2 00 00 00 00 57 DD 85 B2 00 00 00 00 50 1A
17 00 3A 00 91 15 24 00 00 D3 7A 88 B2 00 00 00 00 2D C5 85 B2 00 00 00 00 51 1A
17 00 3A 00 91 15 24 00 00 89 23 88 B2 00 00 00 00 77 1C 86 B2 00 00 00 00 52 1A
17 00 3A 00 91 15 24 00 00 8B 3F 88 B2 00 00 00 00 75 00 86 B2 00 00 00 00 53 1A
17 00 3A 00 91 15 24 00 00 13 4B 88 B2 00 00 00 00 ED F4 85 B2 00 00 00 00 54 1A
17 00 3A 00 91 15 24 00 00 1A 65 88 B2 00 00 00 00 E6 DA 85 B2 00 00 00 00 55 1A
17 00 3A 00 91 15 24 16 00 00 00 00 00 00 00 00 00 00 00 00 00 00 00 00 00 56 1A
17 00 3A 00 91 15 24 00 00 47 25 88 B2 00 00 00 00 B9 1A 86 B2 00 00 00 00 57 1A
17 00 3A 00 91 15 24 00 00 1D 34 88 B2 00 00 00 00 E3 0B 86 B2 00 00 00 00 58 1A
17 00 3A 00 91 15 24 00 00 78 4C 88 B2 00 00 00 00 88 F3 85 B2 00 00 00 00 59 1A
17 00 3A 00 91 15 24 00 00 ED 5B 88 B2 00 00 00 00 13 E4 85 B2 00 00 00 00 5A 1A
17 00 3A 00 91 15 24 00 00 31 75 88 B2 00 00 00 00 CF CA 85 B2 00 00 00 00 5B 1A
17 00 3A 00 91 15 24 16 00 00 00 00 00 00 00 00 00 00 00 00 00 00 00 00 00 5C 1A
17 00 3A 00 91 15 24 00 00 98 38 88 B2 00 00 00 00 68 07 86 B2 00 00 00 00 5D 1A
17 00 3A 00 91 15 24 00 00 42 47 88 B2 00 00 00 00 BE F8 85 B2 00 00 00 00 5E 1A
17 00 3A 00 91 15 24 00 00 5B 65 88 B2 00 00 00 00 A5 DA 85 B2 00 00 00 00 5F 1A
17 00 3A 00 91 15 24 00 00 B8 6F 88 B2 00 00 00 00 48 D0 85 B2 00 00 00 00 60 1A
17 00 3A 00 91 15 24 00 00 CF 3A 88 B2 00 00 00 00 31 05 86 B2 00 00 00 00 61 1A
17 00 3A 00 91 15 24 00 00 CE 32 88 B2 00 00 00 00 32 0D 86 B2 00 00 00 00 62 1A
17 00 3A 00 91 15 24 00 00 DF 62 88 B2 00 00 00 00 21 DD 85 B2 00 00 00 00 63 1A
17 00 3A 00 91 15 24 00 00 C6 5B 88 B2 00 00 00 00 3A E4 85 B2 00 00 00 00 64 1A
17 00 3A 00 91 15 24 00 00 A1 0F 88 B2 00 00 00 00 5F 30 86 B2 00 00 00 00 65 1A
17 00 3A 00 91 15 24 00 00 BC 1E 88 B2 00 00 00 00 44 21 86 B2 00 00 00 00 66 1A
17 00 3A 00 91 15 24 00 00 4F 39 88 B2 00 00 00 00 B1 06 86 B2 00 00 00 00 67 1A
17 00 3A 00 91 15 24 00 00 B5 47 88 B2 00 00 00 00 4B F8 85 B2 00 00 00 00 68 1A
17 00 3A 00 91 15 24 00 00 E7 61 88 B2 00 00 00 00 19 DE 85 B2 00 00 00 00 69 1A
17 00 3A 00 91 15 24 00 00 E6 0A 88 B2 00 00 00 00 1A 35 86 B2 00 00 00 00 6A 1A
17 00 3A 00 91 15 24 00 00 94 25 88 B2 00 00 00 00 6C 1A 86 B2 00 00 00 00 6B 1A
17 00 3A 00 91 15 24 00 00 DA 33 88 B2 00 00 00 00 26 0C 86 B2 00 00 00 00 6C 1A
17 00 3A 00 91 15 24 00 00 1A 50 88 B2 00 00 00 00 E6 EF 85 B2 00 00 00 00 6D 1A
17 00 3A 00 91 15 24 00 00 6F 5C 88 B2 00 00 00 00 91 E3 85 B2 00 00 00 00 6E 1A
17 00 3A 00 91 15 24 00 00 4E 12 88 B2 00 00 00 00 B2 2D 86 B2 00 00 00 00 6F 1A
17 00 3A 00 91 15 24 00 00 88 20 88 B2 00 00 00 00 78 1F 86 B2 00 00 00 00 70 1A
17 00 3A 00 91 15 24 00 00 2A 3B 88 B2 00 00 00 00 D6 04 86 B2 00 00 00 00 71 1A
17 00 3A 00 91 15 24 00 00 00 4A 88 B2 00 00 00 00 00 F6 85 B2 00 00 00 00 72 1A
17 00 3A 00 91 15 24 00 00 07 64 88 B2 00 00 00 00 F9 DB 85 B2 00 00 00 00 73 1A
17 00 3A 00 91 15 24 00 00 91 0D 88 B2 00 00 00 00 6F 32 86 B2 00 00 00 00 74 1A
17 00 3A 00 91 15 24 00 00 22 2A 88 B2 00 00 00 00 DE 15 86 B2 00 00 00 00 75 1A
17 00 3A 00 91 15 24 00 00 A8 36 88 B2 00 00 00 00 58 09 86 B2 00 00 00 00 76 1A
17 00 3A 00 91 15 24 00 00 17 54 88 B2 00 00 00 00 E9 EB 85 B2 00 00 00 00 77 1A
17 00 3A 00 91 15 24 00 00 70 61 88 B2 00 00 00 00 90 DE 85 B2 00 00 00 00 78 1A
17 00 3A 00 91 15 24 00 00 A3 7F 88 B2 00 00 00 00 5D C0 85 B2 00 00 00 00 79 1A
17 00 3A 00 91 15 24 00 00 27 26 88 B2 00 00 00 00 D9 19 86 B2 00 00 00 00 7A 1A
