17 00 3A 00 91 15 24 00 00 E5 9B 88 B2 00 00 00 00 1B A4 85 B2 00 00 00 00 4D 02
17 00 3A 00 91 15 24 00 00 E8 8C 88 B2 00 00 00 00 18 B3 85 B2 00 00 00 00 4E 02
17 00 3A 00 91 15 24 00 00 55 7E 88 B2 00 00 00 00 AB C1 85 B2 00 00 00 00 4F 02
17 00 3A 00 91 15 24 00 00 28 70 88 B2 00 00 00 00 D8 CF 85 B2 00 00 00 00 50 02
17 00 3A 00 91 15 24 00 00 F2 60 88 B2 00 00 00 00 0E DF 85 B2 00 00 00 00 51 02
17 00 3A 00 91 15 24 00 00 E2 B7 88 B2 00 00 00 00 1E 88 85 B2 00 00 00 00 52 02
17 00 3A 00 91 15 24 00 00 57 AA 88 B2 00 00 00 00 A9 95 85 B2 00 00 00 00 53 02
17 00 3A 00 91 15 24 00 00 B7 9B 88 B2 00 00 00 00 49 A4 85 B2 00 00 00 00 54 02
17 00 3A 00 91 15 24 00 00 6D 8D 88 B2 00 00 00 00 93 B2 85 B2 00 00 00 00 55 02
17 00 3A 00 91 15 24 00 00 E6 7E 88 B2 00 00 00 00 1A C1 85 B2 00 00 00 00 56 02
17 00 3A 00 91 15 24 00 00 B5 70 88 B2 00 00 00 00 4B CF 85 B2 00 00 00 00 57 02
17 00 3A 00 91 15 24 00 00 28 62 88 B2 00 00 00 00 D8 DD 85 B2 00 00 00 00 58 02
17 00 3A 00 91 15 24 00 00 D7 B9 88 B2 00 00 00 00 29 86 85 B2 00 00 00 00 59 02
17 00 3A 00 91 15 24 00 00 92 AB 88 B2 00 00 00 00 6E 94 85 B2 00 00 00 00 5A 02
17 00 3A 00 91 15 24 00 00 67 9D 88 B2 00 00 00 00 99 A2 85 B2 00 00 00 00 5B 02
17 00 3A 00 91 15 24 00 00 92 8E 88 B2 00 00 00 00 6E B1 85 B2 00 00 00 00 5C 02
17 00 3A 00 91 15 24 00 00 DA 80 88 B2 00 00 00 00 26 BF 85 B2 00 00 00 00 5D 02
17 00 3A 00 91 15 24 00 00 0F 72 88 B2 00 00 00 00 F1 CD 85 B2 00 00 00 00 5E 02
17 00 3A 00 91 15 24 00 00 FA 63 88 B2 00 00 00 00 06 DC 85 B2 00 00 00 00 5F 02
17 00 3A 00 91 15 24 00 00 18 56 88 B2 00 00 00 00 E8 E9 85 B2 00 00 00 00 60 02
17 00 3A 00 91 15 24 00 00 34 AE 88 B2 00 00 00 00 CC 91 85 B2 00 00 00 00 61 02
17 00 3A 00 91 15 24 00 00 75 9F 88 B2 00 00 00 00 8B A0 85 B2 00 00 00 00 62 02
17 00 3A 00 91 15 24 00 00 CD 91 88 B2 00 00 00 00 33 AE 85 B2 00 00 00 00 63 02
17 00 3A 00 91 15 24 00 00 21 83 88 B2 00 00 00 00 DF BC 85 B2 00 00 00 00 64 02
17 00 3A 00 91 15 24 00 00 43 75 88 B2 00 00 00 00 BD CA 85 B2 00 00 00 00 65 02
17 00 3A 00 91 15 24 00 00 62 66 88 B2 00 00 00 00 9E D9 85 B2 00 00 00 00 66 02
17 00 3A 00 91 15 24 00 00 F2 58 88 B2 00 00 00 00 0E E7 85 B2 00 00 00 00 67 02
17 00 3A 00 91 15 24 00 00 2B B0 88 B2 00 00 00 00 D5 8F 85 B2 00 00 00 00 68 02
17 00 3A 00 91 15 24 00 00 EA A1 88 B2 00 00 00 00 16 9E 85 B2 00 00 00 00 69 02
17 00 3A 00 91 15 24 00 00 77 93 88 B2 00 00 00 00 89 AC 85 B2 00 00 00 00 6A 02
17 00 3A 00 91 15 24 00 00 9B 85 88 B2 00 00 00 00 65 BA 85 B2 00 00 00 00 6B 02
17 00 3A 00 91 15 24 00 00 23 77 88 B2 00 00 00 00 DD C8 85 B2 00 00 00 00 6C 02
17 00 3A 00 91 15 24 00 00 6E 69 88 B2 00 00 00 00 92 D6 85 B2 00 00 00 00 6D 02
17 00 3A 00 91 15 24 00 00 30 5B 88 B2 00 00 00 00 D0 E4 85 B2 00 00 00 00 6E 02
17 00 3A 00 91 15 24 00 00 9B B2 88 B2 00 00 00 00 65 8D 85 B2 00 00 00 00 6F 02
17 00 3A 00 91 15 24 00 00 44 A4 88 B2 00 00 00 00 BC 9B 85 B2 00 00 00 00 70 02
17 00 3A 00 91 15 24 00 00 0B 96 88 B2 00 00 00 00 F5 A9 85 B2 00 00 00 00 71 02
17 00 3A 00 91 15 24 00 00 75 88 88 B2 00 00 00 00 8B B7 85 B2 00 00 00 00 72 02
17 00 3A 00 91 15 24 00 00 52 7A 88 B2 00 00 00 00 AE C5 85 B2 00 00 00 00 73 02
17 00 3A 00 91 15 24 00 00 EC 6B 88 B2 00 00 00 00 14 D4 85 B2 00 00 00 00 74 02
17 00 3A 00 91 15 24 00 00 EA 5E 88 B2 00 00 00 00 16 E1 85 B2 00 00 00 00 75 02
17 00 3A 00 91 15 24 00 00 EA B5 88 B2 00 00 00 00 16 8A 85 B2 00 00 00 00 76 02
17 00 3A 00 91 15 24 00 00 A4 A7 88 B2 00 00 00 00 5C 98 85 B2 00 00 00 00 77 02
17 00 3A 00 91 15 24 00 00 91 99 88 B2 00 00 00 00 6F A6 85 B2 00 00 00 00 78 02
17 00 3A 00 91 15 24 00 00 61 8C 88 B2 00 00 00 00 9F B3 85 B2 00 00 00 00 79 02
17 00 3A 00 91 15 24 00 00 74 7D 88 B2 00 00 00 00 8C C2 85 B2 00 00 00 00 7A 02
17 00 3A 00 91 15 24 00 00 A4 6F 88 B2 00 00 00 00 5C D0 85 B2 00 00 00 00 7B 02
17 00 3A 00 91 15 24 00 00 26 61 88 B2 00 00 00 00 DA DE 85 B2 00 00 00 00 7C 02
17 00 3A 00 91 15 24 00 00 F1 B7 88 B2 00 00 00 00 0F 88 85 B2 00 00 00 00 7D 02
17 00 3A 00 91 15 24 00 00 17 AA 88 B2 00 00 00 00 E9 95 85 B2 00 00 00 00 7E 02
17 00 3A 00 91 15 24 00 00 FC 9C 88 B2 00 00 00 00 04 A3 85 B2 00 00 00 00 7F 02
17 00 3A 00 91 15 24 00 00 CA 8E 88 B2 00 00 00 00 36 B1 85 B2 00 00 00 00 80 02
17 00 3A 00 91 15 24 00 00 19 81 88 B2 00 00 00 00 E7 BE 85 B2 00 00 00 00 81 02
17 00 3A 00 91 15 24 00 00 8A 72 88 B2 00 00 00 00 76 CD 85 B2 00 00 00 00 82 02
17 00 3A 00 91 15 24 00 00 A8 65 88 B2 00 00 00 00 58 DA 85 B2 00 00 00 00 83 02
17 00 3A 00 91 15 24 00 00 F6 56 88 B2 00 00 00 00 0A E9 85 B2 00 00 00 00 84 02
17 00 3A 00 91 15 24 00 00 1B AF 88 B2 00 00 00 00 E5 90 85 B2 00 00 00 00 85 02
17 00 3A 00 91 15 24 00 00 19 A1 88 B2 00 00 00 00 E7 9E 85 B2 00 00 00 00 86 02
17 00 3A 00 91 15 24 00 00 F1 93 88 B2 00 00 00 00 0F AC 85 B2 00 00 00 00 87 02
17 00 3A 00 91 15 24 00 00 F3 85 88 B2 00 00 00 00 0D BA 85 B2 00 00 00 00 88 02
17 00 3A 00 91 15 24 00 00 98 78 88 B2 00 00 00 00 68 C7 85 B2 00 00 00 00 89 02
17 00 3A 00 91 15 24 00 00 A3 6A 88 B2 00 00 00 00 5D D5 85 B2 00 00 00 00 8A 02
17 00 3A 00 91 15 24 00 00 26 5D 88 B2 00 00 00 00 DA E2 85 B2 00 00 00 00 8B 02
17 00 3A 00 91 15 24 00 00 4F B5 88 B2 00 00 00 00 B1 8A 85 B2 00 00 00 00 8C 02
17 00 3A 00 91 15 24 00 00 47 A8 88 B2 00 00 00 00 B9 97 85 B2 00 00 00 00 8D 02
17 00 3A 00 91 15 24 00 00 78 9A 88 B2 00 00 00 00 88 A5 85 B2 00 00 00 00 8E 02
17 00 3A 00 91 15 24 00 00 75 8D 88 B2 00 00 00 00 8B B2 85 B2 00 00 00 00 8F 02
17 00 3A 00 91 15 24 00 00 24 80 88 B2 00 00 00 00 DC BF 85 B2 00 00 00 00 90 02
17 00 3A 00 91 15 24 00 00 7B 72 88 B2 00 00 00 00 85 CD 85 B2 00 00 00 00 91 02
17 00 3A 00 91 15 24 00 00 29 66 88 B2 00 00 00 00 D7 D9 85 B2 00 00 00 00 92 02
17 00 3A 00 91 15 24 00 00 03 59 88 B2 00 00 00 00 FD E6 85 B2 00 00 00 00 93 02
17 00 3A 00 91 15 24 00 00 96 B1 88 B2 00 00 00 00 6A 8E 85 B2 00 00 00 00 94 02
17 00 3A 00 91 15 24 00 00 71 A4 88 B2 00 00 00 00 8F 9B 85 B2 00 00 00 00 95 02
17 00 3A 00 91 15 24 00 00 B0 97 88 B2 00 00 00 00 50 A8 85 B2 00 00 00 00 96 02
17 00 3A 00 91 15 24 00 00 DC 8A 88 B2 00 00 00 00 24 B5 85 B2 00 00 00 00 97 02
17 00 3A 00 91 15 24 00 00 81 7D 88 B2 00 00 00 00 7F C2 85 B2 00 00 00 00 98 02
17 00 3A 00 91 15 24 00 00 F8 70 88 B2 00 00 00 00 08 CF 85 B2 00 00 00 00 99 02
17 00 3A 00 91 15 24 00 00 5B 64 88 B2 00 00 00 00 A5 DB 85 B2 00 00 00 00 9A 02
17 00 3A 00 91 15 24 00 00 B0 57 88 B2 00 00 00 00 50 E8 85 B2 00 00 00 00 9B 02
17 00 3A 00 91 15 24 00 00 0F B0 88 B2 00 00 00 00 F1 8F 85 B2 00 00 00 00 9C 02
17 00 3A 00 91 15 24 00 00 8A A4 88 B2 00 00 00 00 76 9B 85 B2 00 00 00 00 9D 02
17 00 3A 00 91 15 24 00 00 11 97 88 B2 00 00 00 00 EF A8 85 B2 00 00 00 00 9E 02
17 00 3A 00 91 15 24 00 00 9C 8A 88 B2 00 00 00 00 64 B5 85 B2 00 00 00 00 9F 02
17 00 3A 00 91 15 24 00 00 DE 7D 88 B2 00 00 00 00 22 C2 85 B2 00 00 00 00 A0 02
17 00 3A 00 91 15 24 00 00 1F 71 88 B2 00 00 00 00 E1 CE 85 B2 00 00 00 00 A1 02
17 00 3A 00 91 15 24 00 00 79 64 88 B2 00 00 00 00 87 DB 85 B2 00 00 00 00 A2 02
17 00 3A 00 91 15 24 00 00 CE 57 88 B2 00 00 00 00 32 E8 85 B2 00 00 00 00 A3 02
17 00 3A 00 91 15 24 00 00 C5 B0 88 B2 00 00 00 00 3B 8F 85 B2 00 00 00 00 A4 02
17 00 3A 00 91 15 24 00 00 42 A4 88 B2 00 00 00 00 BE 9B 85 B2 00 00 00 00 A5 02
17 00 3A 00 91 15 24 00 00 FB 97 88 B2 00 00 00 00 05 A8 85 B2 00 00 00 00 A6 02
17 00 3A 00 91 15 24 00 00 62 8B 88 B2 00 00 00 00 9E B4 85 B2 00 00 00 00 A7 02
17 00 3A 00 91 15 24 00 00 52 7F 88 B2 00 00 00 00 AE C0 85 B2 00 00 00 00 A8 02
17 00 3A 00 91 15 24 00 00 C5 72 88 B2 00 00 00 00 3B CD 85 B2 00 00 00 00 A9 02
17 00 3A 00 91 15 24 00 00 C7 65 88 B2 00 00 00 00 39 DA 85 B2 00 00 00 00 AA 02
17 00 3A 00 91 15 24 00 00 E3 58 88 B2 00 00 00 00 1D E7 85 B2 00 00 00 00 AB 02
17 00 3A 00 91 15 24 00 00 84 B1 88 B2 00 00 00 00 7C 8E 85 B2 00 00 00 00 AC 02
17 00 3A 00 91 15 24 00 00 F9 A4 88 B2 00 00 00 00 07 9B 85 B2 00 00 00 00 AD 02
17 00 3A 00 91 15 24 00 00 CE 98 88 B2 00 00 00 00 32 A7 85 B2 00 00 00 00 AE 02
17 00 3A 00 91 15 24 00 00 43 8C 88 B2 00 00 00 00 BD B3 85 B2 00 00 00 00 AF 02
17 00 3A 00 91 15 24 00 00 EC 7E 88 B2 00 00 00 00 14 C1 85 B2 00 00 00 00 B0 02
17 00 3A 00 91 15 24 00 00 5D 72 88 B2 00 00 00 00 A3 CD 85 B2 00 00 00 00 B1 02
17 00 3A 00 91 15 24 00 00 A6 65 88 B2 00 00 00 00 5A DA 85 B2 00 00 00 00 B2 02
17 00 3A 00 91 15 24 00 00 FD 58 88 B2 00 00 00 00 03 E7 85 B2 00 00 00 00 B3 02
17 00 3A 00 91 15 24 00 00 2F B1 88 B2 00 00 00 00 D1 8E 85 B2 00 00 00 00 B4 02
17 00 3A 00 91 15 24 00 00 CF A4 88 B2 00 00 00 00 31 9B 85 B2 00 00 00 00 B5 02
17 00 3A 00 91 15 24 00 00 72 97 88 B2 00 00 00 00 8E A8 85 B2 00 00 00 00 B6 02
17 00 3A 00 91 15 24 00 00 0B 8B 88 B2 00 00 00 00 F5 B4 85 B2 00 00 00 00 B7 02
17 00 3A 00 91 15 24 00 00 F3 7D 88 B2 00 00 00 00 0D C2 85 B2 00 00 00 00 B8 02
17 00 3A 00 91 15 24 00 00 1E 71 88 B2 00 00 00 00 E2 CE 85 B2 00 00 00 00 B9 02
17 00 3A 00 91 15 24 00 00 D9 63 88 B2 00 00 00 00 27 DC 85 B2 00 00 00 00 BA 02
17 00 3A 00 91 15 24 00 00 2E 57 88 B2 00 00 00 00 D2 E8 85 B2 00 00 00 00 BB 02
17 00 3A 00 91 15 24 00 00 52 B0 88 B2 00 00 00 00 AE 8F 85 B2 00 00 00 00 BC 02
17 00 3A 00 91 15 24 00 00 3F A3 88 B2 00 00 00 00 C1 9C 85 B2 00 00 00 00 BD 02
17 00 3A 00 91 15 24 00 00 72 96 88 B2 00 00 00 00 8E A9 85 B2 00 00 00 00 BE 02
17 00 3A 00 91 15 24 00 00 72 89 88 B2 00 00 00 00 8E B6 85 B2 00 00 00 00 BF 02
17 00 3A 00 91 15 24 00 00 36 7D 88 B2 00 00 00 00 CA C2 85 B2 00 00 00 00 C0 02
17 00 3A 00 91 15 24 00 00 4E 70 88 B2 00 00 00 00 B2 CF 85 B2 00 00 00 00 C1 02
17 00 3A 00 91 15 24 00 00 45 63 88 B2 00 00 00 00 BB DC 85 B2 00 00 00 00 C2 02
17 00 3A 00 91 15 24 00 00 31 56 88 B2 00 00 00 00 CF E9 85 B2 00 00 00 00 C3 02
17 00 3A 00 91 15 24 00 00 04 AF 88 B2 00 00 00 00 FC 90 85 B2 00 00 00 00 C4 02
17 00 3A 00 91 15 24 00 00 02 A2 88 B2 00 00 00 00 FE 9D 85 B2 00 00 00 00 C5 02
17 00 3A 00 91 15 24 00 00 CA 94 88 B2 00 00 00 00 36 AB 85 B2 00 00 00 00 C6 02
17 00 3A 00 91 15 24 00 00 D6 88 88 B2 00 00 00 00 2A B7 85 B2 00 00 00 00 C7 02
17 00 3A 00 91 15 24 00 00 43 7B 88 B2 00 00 00 00 BD C4 85 B2 00 00 00 00 C8 02
17 00 3A 00 91 15 24 00 00 9B 6E 88 B2 00 00 00 00 65 D1 85 B2 00 00 00 00 C9 02
17 00 3A 00 91 15 24 00 00 6D 61 88 B2 00 00 00 00 93 DE 85 B2 00 00 00 00 CA 02
17 00 3A 00 91 15 24 00 00 59 BA 88 B2 00 00 00 00 A7 85 85 B2 00 00 00 00 CB 02
17 00 3A 00 91 15 24 00 00 6F AD 88 B2 00 00 00 00 91 92 85 B2 00 00 00 00 CC 02
17 00 3A 00 91 15 24 00 00 C3 A0 88 B2 00 00 00 00 3D 9F 85 B2 00 00 00 00 CD 02
17 00 3A 00 91 15 24 00 00 FD 93 88 B2 00 00 00 00 03 AC 85 B2 00 00 00 00 CE 02
17 00 3A 00 91 15 24 00 00 0C 87 88 B2 00 00 00 00 F4 B8 85 B2 00 00 00 00 CF 02
17 00 3A 00 91 15 24 00 00 81 7A 88 B2 00 00 00 00 7F C5 85 B2 00 00 00 00 D0 02
17 00 3A 00 91 15 24 00 00 C9 6D 88 B2 00 00 00 00 37 D2 85 B2 00 00 00 00 D1 02
17 00 3A 00 91 15 24 00 00 78 60 88 B2 00 00 00 00 88 DF 85 B2 00 00 00 00 D2 02
17 00 3A 00 91 15 24 00 00 D5 B8 88 B2 00 00 00 00 2B 87 85 B2 00 00 00 00 D3 02
17 00 3A 00 91 15 24 00 00 CE AB 88 B2 00 00 00 00 32 94 85 B2 00 00 00 00 D4 02
17 00 3A 00 91 15 24 00 00 28 9F 88 B2 00 00 00 00 D8 A0 85 B2 00 00 00 00 D5 02
17 00 3A 00 91 15 24 00 00 BB 91 88 B2 00 00 00 00 45 AE 85 B2 00 00 00 00 D6 02
17 00 3A 00 91 15 24 00 00 E6 84 88 B2 00 00 00 00 1A BB 85 B2 00 00 00 00 D7 02
17 00 3A 00 91 15 24 00 00 6F 77 88 B2 00 00 00 00 91 C8 85 B2 00 00 00 00 D8 02
17 00 3A 00 91 15 24 00 00 54 6A 88 B2 00 00 00 00 AC D5 85 B2 00 00 00 00 D9 02
17 00 3A 00 91 15 24 00 00 04 5E 88 B2 00 00 00 00 FC E1 85 B2 00 00 00 00 DA 02
17 00 3A 00 91 15 24 00 00 0B B6 88 B2 00 00 00 00 F5 89 85 B2 00 00 00 00 DB 02
17 00 3A 00 91 15 24 00 00 20 A9 88 B2 00 00 00 00 E0 96 85 B2 00 00 00 00 DC 02
17 00 3A 00 91 15 24 00 00 40 9C 88 B2 00 00 00 00 C0 A3 85 B2 00 00 00 00 DD 02
17 00 3A 00 91 15 24 00 00 87 8F 88 B2 00 00 00 00 79 B0 85 B2 00 00 00 00 DE 02
17 00 3A 00 91 15 24 00 00 35 82 88 B2 00 00 00 00 CB BD 85 B2 00 00 00 00 DF 02
17 00 3A 00 91 15 24 00 00 71 75 88 B2 00 00 00 00 8F CA 85 B2 00 00 00 00 E0 02
17 00 3A 00 91 15 24 00 00 A9 68 88 B2 00 00 00 00 57 D7 85 B2 00 00 00 00 E1 02
17 00 3A 00 91 15 24 00 00 46 5B 88 B2 00 00 00 00 BA E4 85 B2 00 00 00 00 E2 02
17 00 3A 00 91 15 24 00 00 D5 B4 88 B2 00 00 00 00 2B 8B 85 B2 00 00 00 00 E3 02
17 00 3A 00 91 15 24 00 00 67 A7 88 B2 00 00 00 00 99 98 85 B2 00 00 00 00 E4 02
17 00 3A 00 91 15 24 00 00 69 9A 88 B2 00 00 00 00 97 A5 85 B2 00 00 00 00 E5 02
17 00 3A 00 91 15 24 00 00 AF 8C 88 B2 00 00 00 00 51 B3 85 B2 00 00 00 00 E6 02
17 00 3A 00 91 15 24 00 00 54 80 88 B2 00 00 00 00 AC BF 85 B2 00 00 00 00 E7 02
17 00 3A 00 91 15 24 00 00 74 73 88 B2 00 00 00 00 8C CC 85 B2 00 00 00 00 E8 02
17 00 3A 00 91 15 24 00 00 84 65 88 B2 00 00 00 00 7C DA 85 B2 00 00 00 00 E9 02
17 00 3A 00 91 15 24 00 00 F4 58 88 B2 00 00 00 00 0C E7 85 B2 00 00 00 00 EA 02
17 00 3A 00 91 15 24 00 00 EE B1 88 B2 00 00 00 00 12 8E 85 B2 00 00 00 00 EB 02
17 00 3A 00 91 15 24 00 00 8E A4 88 B2 00 00 00 00 72 9B 85 B2 00 00 00 00 EC 02
17 00 3A 00 91 15 24 00 00 D7 97 88 B2 00 00 00 00 29 A8 85 B2 00 00 00 00 ED 02
17 00 3A 00 91 15 24 00 00 46 8A 88 B2 00 00 00 00 BA B5 85 B2 00 00 00 00 EE 02
17 00 3A 00 91 15 24 00 00 25 7D 88 B2 00 00 00 00 DB C2 85 B2 00 00 00 00 EF 02
17 00 3A 00 91 15 24 00 00 5D 70 88 B2 00 00 00 00 A3 CF 85 B2 00 00 00 00 F0 02
17 00 3A 00 91 15 24 00 00 4B 62 88 B2 00 00 00 00 B5 DD 85 B2 00 00 00 00 F1 02
17 00 3A 00 91 15 24 00 00 88 56 88 B2 00 00 00 00 78 E9 85 B2 00 00 00 00 F2 02
17 00 3A 00 91 15 24 00 00 06 AF 88 B2 00 00 00 00 FA 90 85 B2 00 00 00 00 F3 02
17 00 3A 00 91 15 24 00 00 CD A1 88 B2 00 00 00 00 33 9E 85 B2 00 00 00 00 F4 02
17 00 3A 00 91 15 24 00 00 03 95 88 B2 00 00 00 00 FD AA 85 B2 00 00 00 00 F5 02
17 00 3A 00 91 15 24 00 00 AF 87 88 B2 00 00 00 00 51 B8 85 B2 00 00 00 00 F6 02
17 00 3A 00 91 15 24 00 00 8E 7A 88 B2 00 00 00 00 72 C5 85 B2 00 00 00 00 F7 02
17 00 3A 00 91 15 24 00 00 6E 6D 88 B2 00 00 00 00 92 D2 85 B2 00 00 00 00 F8 02
17 00 3A 00 91 15 24 00 00 9A 60 88 B2 00 00 00 00 66 DF 85 B2 00 00 00 00 F9 02
17 00 3A 00 91 15 24 00 00 77 B8 88 B2 00 00 00 00 89 87 85 B2 00 00 00 00 FA 02
17 00 3A 00 91 15 24 00 00 9D AB 88 B2 00 00 00 00 63 94 85 B2 00 00 00 00 FB 02
17 00 3A 00 91 15 24 00 00 B5 9E 88 B2 00 00 00 00 4B A1 85 B2 00 00 00 00 FC 02
17 00 3A 00 91 15 24 00 00 FE 90 88 B2 00 00 00 00 02 AF 85 B2 00 00 00 00 FD 02
17 00 3A 00 91 15 24 00 00 13 84 88 B2 00 00 00 00 ED BB 85 B2 00 00 00 00 FE 02
17 00 3A 00 91 15 24 00 00 F8 76 88 B2 00 00 00 00 08 C9 85 B2 00 00 00 00 FF 02
17 00 3A 00 91 15 24 00 00 82 69 88 B2 00 00 00 00 7E D6 85 B2 00 00 00 00 00 03
17 00 3A 00 91 15 24 00 00 3B 5B 88 B2 00 00 00 00 C5 E4 85 B2 00 00 00 00 01 03
17 00 3A 00 91 15 24 00 00 8B B4 88 B2 00 00 00 00 75 8B 85 B2 00 00 00 00 02 03
17 00 3A 00 91 15 24 00 00 05 A8 88 B2 00 00 00 00 FB 97 85 B2 00 00 00 00 03 03
17 00 3A 00 91 15 24 00 00 98 9A 88 B2 00 00 00 00 68 A5 85 B2 00 00 00 00 04 03
17 00 3A 00 91 15 24 00 00 4E 8D 88 B2 00 00 00 00 B2 B2 85 B2 00 00 00 00 05 03
17 00 3A 00 91 15 24 00 00 CB 7F 88 B2 00 00 00 00 35 C0 85 B2 00 00 00 00 06 03
17 00 3A 00 91 15 24 00 00 F7 72 88 B2 00 00 00 00 09 CD 85 B2 00 00 00 00 07 03
17 00 3A 00 91 15 24 00 00 4F 66 88 B2 00 00 00 00 B1 D9 85 B2 00 00 00 00 08 03
17 00 3A 00 91 15 24 00 00 0E 59 88 B2 00 00 00 00 F2 E6 85 B2 00 00 00 00 09 03
17 00 3A 00 91 15 24 00 00 26 B1 88 B2 00 00 00 00 DA 8E 85 B2 00 00 00 00 0A 03
17 00 3A 00 91 15 24 00 00 60 A4 88 B2 00 00 00 00 A0 9B 85 B2 00 00 00 00 0B 03
17 00 3A 00 91 15 24 00 00 52 96 88 B2 00 00 00 00 AE A9 85 B2 00 00 00 00 0C 03
17 00 3A 00 91 15 24 00 00 90 89 88 B2 00 00 00 00 70 B6 85 B2 00 00 00 00 0D 03
17 00 3A 00 91 15 24 00 00 6E 7C 88 B2 00 00 00 00 92 C3 85 B2 00 00 00 00 0E 03
17 00 3A 00 91 15 24 00 00 C4 6F 88 B2 00 00 00 00 3C D0 85 B2 00 00 00 00 0F 03
17 00 3A 00 91 15 24 00 00 20 62 88 B2 00 00 00 00 E0 DD 85 B2 00 00 00 00 10 03
17 00 3A 00 91 15 24 00 00 AD B9 88 B2 00 00 00 00 53 86 85 B2 00 00 00 00 11 03
17 00 3A 00 91 15 24 00 00 9F AC 88 B2 00 00 00 00 61 93 85 B2 00 00 00 00 12 03
17 00 3A 00 91 15 24 00 00 C0 9F 88 B2 00 00 00 00 40 A0 85 B2 00 00 00 00 13 03
17 00 3A 00 91 15 24 00 00 54 92 88 B2 00 00 00 00 AC AD 85 B2 00 00 00 00 14 03
17 00 3A 00 91 15 24 00 00 34 86 88 B2 00 00 00 00 CC B9 85 B2 00 00 00 00 15 03
17 00 3A 00 91 15 24 00 00 7D 78 88 B2 00 00 00 00 83 C7 85 B2 00 00 00 00 16 03
17 00 3A 00 91 15 24 00 00 52 6B 88 B2 00 00 00 00 AE D4 85 B2 00 00 00 00 17 03
17 00 3A 00 91 15 24 00 00 98 5E 88 B2 00 00 00 00 68 E1 85 B2 00 00 00 00 18 03
17 00 3A 00 91 15 24 00 00 19 B7 88 B2 00 00 00 00 E7 88 85 B2 00 00 00 00 19 03
17 00 3A 00 91 15 24 00 00 9A AA 88 B2 00 00 00 00 66 95 85 B2 00 00 00 00 1A 03
17 00 3A 00 91 15 24 00 00 0E 9E 88 B2 00 00 00 00 F2 A1 85 B2 00 00 00 00 1B 03
17 00 3A 00 91 15 24 00 00 AB 91 88 B2 00 00 00 00 55 AE 85 B2 00 00 00 00 1C 03
17 00 3A 00 91 15 24 00 00 35 85 88 B2 00 00 00 00 CB BA 85 B2 00 00 00 00 1D 03
17 00 3A 00 91 15 24 00 00 DC 78 88 B2 00 00 00 00 24 C7 85 B2 00 00 00 00 1E 03
17 00 3A 00 91 15 24 00 00 F0 6B 88 B2 00 00 00 00 10 D4 85 B2 00 00 00 00 1F 03
17 00 3A 00 91 15 24 00 00 C0 5F 88 B2 00 00 00 00 40 E0 85 B2 00 00 00 00 20 03
17 00 3A 00 91 15 24 00 00 EB B8 88 B2 00 00 00 00 15 87 85 B2 00 00 00 00 21 03
17 00 3A 00 91 15 24 00 00 70 AC 88 B2 00 00 00 00 90 93 85 B2 00 00 00 00 22 03
17 00 3A 00 91 15 24 00 00 1A A0 88 B2 00 00 00 00 E6 9F 85 B2 00 00 00 00 23 03
17 00 3A 00 91 15 24 00 00 F4 93 88 B2 00 00 00 00 0C AC 85 B2 00 00 00 00 24 03
17 00 3A 00 91 15 24 00 00 19 87 88 B2 00 00 00 00 E7 B8 85 B2 00 00 00 00 25 03
17 00 3A 00 91 15 24 00 00 8A 7B 88 B2 00 00 00 00 76 C4 85 B2 00 00 00 00 26 03
17 00 3A 00 91 15 24 00 00 10 6F 88 B2 00 00 00 00 F0 D0 85 B2 00 00 00 00 27 03
17 00 3A 00 91 15 24 00 00 55 62 88 B2 00 00 00 00 AB DD 85 B2 00 00 00 00 28 03
17 00 3A 00 91 15 24 00 00 D6 56 88 B2 00 00 00 00 2A E9 85 B2 00 00 00 00 29 03
17 00 3A 00 91 15 24 00 00 89 AF 88 B2 00 00 00 00 77 90 85 B2 00 00 00 00 2A 03
17 00 3A 00 91 15 24 00 00 F2 A3 88 B2 00 00 00 00 0E 9C 85 B2 00 00 00 00 2B 03
17 00 3A 00 91 15 24 00 00 75 97 88 B2 00 00 00 00 8B A8 85 B2 00 00 00 00 2C 03
17 00 3A 00 91 15 24 00 00 4D 8A 88 B2 00 00 00 00 B3 B5 85 B2 00 00 00 00 2D 03
17 00 3A 00 91 15 24 00 00 B0 7D 88 B2 00 00 00 00 50 C2 85 B2 00 00 00 00 2E 03
17 00 3A 00 91 15 24 00 00 5A 71 88 B2 00 00 00 00 A6 CE 85 B2 00 00 00 00 2F 03
17 00 3A 00 91 15 24 00 00 48 65 88 B2 00 00 00 00 B8 DA 85 B2 00 00 00 00 30 03
17 00 3A 00 91 15 24 00 00 24 59 88 B2 00 00 00 00 DC E6 85 B2 00 00 00 00 31 03
17 00 3A 00 91 15 24 00 00 FE B1 88 B2 00 00 00 00 02 8E 85 B2 00 00 00 00 32 03
17 00 3A 00 91 15 24 00 00 AE A5 88 B2 00 00 00 00 52 9A 85 B2 00 00 00 00 33 03
17 00 3A 00 91 15 24 00 00 A0 98 88 B2 00 00 00 00 60 A7 85 B2 00 00 00 00 34 03
17 00 3A 00 91 15 24 00 00 4F 8C 88 B2 00 00 00 00 B1 B3 85 B2 00 00 00 00 35 03
17 00 3A 00 91 15 24 00 00 1C 7F 88 B2 00 00 00 00 E4 C0 85 B2 00 00 00 00 36 03
17 00 3A 00 91 15 24 00 00 2A 71 88 B2 00 00 00 00 D6 CE 85 B2 00 00 00 00 37 03
17 00 3A 00 91 15 24 00 00 66 66 88 B2 00 00 00 00 9A D9 85 B2 00 00 00 00 38 03
17 00 3A 00 91 15 24 00 00 53 5A 88 B2 00 00 00 00 AD E5 85 B2 00 00 00 00 39 03
17 00 3A 00 91 15 24 00 00 FE B1 88 B2 00 00 00 00 02 8E 85 B2 00 00 00 00 3A 03
17 00 3A 00 91 15 24 00 00 B4 A5 88 B2 00 00 00 00 4C 9A 85 B2 00 00 00 00 3B 03
17 00 3A 00 91 15 24 00 00 53 99 88 B2 00 00 00 00 AD A6 85 B2 00 00 00 00 3C 03
17 00 3A 00 91 15 24 00 00 F6 8C 88 B2 00 00 00 00 0A B3 85 B2 00 00 00 00 3D 03
17 00 3A 00 91 15 24 00 00 1D 80 88 B2 00 00 00 00 E3 BF 85 B2 00 00 00 00 3E 03
17 00 3A 00 91 15 24 00 00 8A 73 88 B2 00 00 00 00 76 CC 85 B2 00 00 00 00 3F 03
17 00 3A 00 91 15 24 00 00 6E 66 88 B2 00 00 00 00 92 D9 85 B2 00 00 00 00 40 03
17 00 3A 00 91 15 24 00 00 3E 5A 88 B2 00 00 00 00 C2 E5 85 B2 00 00 00 00 41 03
17 00 3A 00 91 15 24 00 00 E6 B2 88 B2 00 00 00 00 1A 8D 85 B2 00 00 00 00 42 03
17 00 3A 00 91 15 24 00 00 1E A7 88 B2 00 00 00 00 E2 98 85 B2 00 00 00 00 43 03
17 00 3A 00 91 15 24 00 00 15 9A 88 B2 00 00 00 00 EB A5 85 B2 00 00 00 00 44 03
17 00 3A 00 91 15 24 00 00 F8 8C 88 B2 00 00 00 00 08 B3 85 B2 00 00 00 00 45 03
17 00 3A 00 91 15 24 00 00 EB 7F 88 B2 00 00 00 00 15 C0 85 B2 00 00 00 00 46 03
17 00 3A 00 91 15 24 00 00 2E 74 88 B2 00 00 00 00 D2 CB 85 B2 00 00 00 00 47 03
17 00 3A 00 91 15 24 00 00 E9 66 88 B2 00 00 00 00 17 D9 85 B2 00 00 00 00 48 03
17 00 3A 00 91 15 24 00 00 7D 5A 88 B2 00 00 00 00 83 E5 85 B2 00 00 00 00 49 03
17 00 3A 00 91 15 24 00 00 F7 B2 88 B2 00 00 00 00 09 8D 85 B2 00 00 00 00 4A 03
17 00 3A 00 91 15 24 00 00 EE A5 88 B2 00 00 00 00 12 9A 85 B2 00 00 00 00 4B 03
17 00 3A 00 91 15 24 00 00 D1 98 88 B2 00 00 00 00 2F A7 85 B2 00 00 00 00 4C 03
17 00 3A 00 91 15 24 00 00 1B 8C 88 B2 00 00 00 00 E5 B3 85 B2 00 00 00 00 4D 03
17 00 3A 00 91 15 24 00 00 AE 7F 88 B2 00 00 00 00 52 C0 85 B2 00 00 00 00 4E 03
17 00 3A 00 91 15 24 00 00 ED 72 88 B2 00 00 00 00 13 CD 85 B2 00 00 00 00 4F 03
17 00 3A 00 91 15 24 00 00 35 66 88 B2 00 00 00 00 CB D9 85 B2 00 00 00 00 50 03
17 00 3A 00 91 15 24 00 00 A3 59 88 B2 00 00 00 00 5D E6 85 B2 00 00 00 00 51 03
17 00 3A 00 91 15 24 00 00 B1 B2 88 B2 00 00 00 00 4F 8D 85 B2 00 00 00 00 52 03
17 00 3A 00 91 15 24 00 00 4B A5 88 B2 00 00 00 00 B5 9A 85 B2 00 00 00 00 53 03
17 00 3A 00 91 15 24 00 00 6B 99 88 B2 00 00 00 00 95 A6 85 B2 00 00 00 00 54 03
17 00 3A 00 91 15 24 00 00 5F 8C 88 B2 00 00 00 00 A1 B3 85 B2 00 00 00 00 55 03
17 00 3A 00 91 15 24 00 00 F5 7F 88 B2 00 00 00 00 0B C0 85 B2 00 00 00 00 56 03
17 00 3A 00 91 15 24 00 00 53 73 88 B2 00 00 00 00 AD CC 85 B2 00 00 00 00 57 03
17 00 3A 00 91 15 24 00 00 44 66 88 B2 00 00 00 00 BC D9 85 B2 00 00 00 00 58 03
17 00 3A 00 91 15 24 00 00 B8 59 88 B2 00 00 00 00 48 E6 85 B2 00 00 00 00 59 03
17 00 3A 00 91 15 24 00 00 CB B2 88 B2 00 00 00 00 35 8D 85 B2 00 00 00 00 5A 03
17 00 3A 00 91 15 24 00 00 8B A5 88 B2 00 00 00 00 75 9A 85 B2 00 00 00 00 5B 03
17 00 3A 00 91 15 24 00 00 D6 98 88 B2 00 00 00 00 2A A7 85 B2 00 00 00 00 5C 03
17 00 3A 00 91 15 24 00 00 82 8C 88 B2 00 00 00 00 7E B3 85 B2 00 00 00 00 5D 03
17 00 3A 00 91 15 24 00 00 DA 7E 88 B2 00 00 00 00 26 C1 85 B2 00 00 00 00 5E 03
17 00 3A 00 91 15 24 00 00 62 72 88 B2 00 00 00 00 9E CD 85 B2 00 00 00 00 5F 03
17 00 3A 00 91 15 24 00 00 09 66 88 B2 00 00 00 00 F7 D9 85 B2 00 00 00 00 60 03
17 00 3A 00 91 15 24 00 00 2C 58 88 B2 00 00 00 00 D4 E7 85 B2 00 00 00 00 61 03
17 00 3A 00 91 15 24 00 00 E3 B1 88 B2 00 00 00 00 1D 8E 85 B2 00 00 00 00 62 03
17 00 3A 00 91 15 24 00 00 5F A5 88 B2 00 00 00 00 A1 9A 85 B2 00 00 00 00 63 03
17 00 3A 00 91 15 24 00 00 DF 97 88 B2 00 00 00 00 21 A8 85 B2 00 00 00 00 64 03
17 00 3A 00 91 15 24 00 00 F2 8B 88 B2 00 00 00 00 0E B4 85 B2 00 00 00 00 65 03
17 00 3A 00 91 15 24 00 00 A9 7E 88 B2 00 00 00 00 57 C1 85 B2 00 00 00 00 66 03
17 00 3A 00 91 15 24 00 00 1A 72 88 B2 00 00 00 00 E6 CD 85 B2 00 00 00 00 67 03
17 00 3A 00 91 15 24 00 00 76 65 88 B2 00 00 00 00 8A DA 85 B2 00 00 00 00 68 03
17 00 3A 00 91 15 24 00 00 B9 58 88 B2 00 00 00 00 47 E7 85 B2 00 00 00 00 69 03
17 00 3A 00 91 15 24 00 00 4D B1 88 B2 00 00 00 00 B3 8E 85 B2 00 00 00 00 6A 03
17 00 3A 00 91 15 24 00 00 7E A4 88 B2 00 00 00 00 82 9B 85 B2 00 00 00 00 6B 03
17 00 3A 00 91 15 24 00 00 D6 97 88 B2 00 00 00 00 2A A8 85 B2 00 00 00 00 6C 03
17 00 3A 00 91 15 24 00 00 FC 8A 88 B2 00 00 00 00 04 B5 85 B2 00 00 00 00 6D 03
17 00 3A 00 91 15 24 00 00 22 7E 88 B2 00 00 00 00 DE C1 85 B2 00 00 00 00 6E 03
17 00 3A 00 91 15 24 00 00 10 71 88 B2 00 00 00 00 F0 CE 85 B2 00 00 00 00 6F 03
17 00 3A 00 91 15 24 00 00 96 64 88 B2 00 00 00 00 6A DB 85 B2 00 00 00 00 70 03
17 00 3A 00 91 15 24 00 00 ED 57 88 B2 00 00 00 00 13 E8 85 B2 00 00 00 00 71 03
17 00 3A 00 91 15 24 00 00 71 B0 88 B2 00 00 00 00 8F 8F 85 B2 00 00 00 00 72 03
17 00 3A 00 91 15 24 00 00 EF A2 88 B2 00 00 00 00 11 9D 85 B2 00 00 00 00 73 03
17 00 3A 00 91 15 24 00 00 46 96 88 B2 00 00 00 00 BA A9 85 B2 00 00 00 00 74 03
17 00 3A 00 91 15 24 00 00 69 8A 88 B2 00 00 00 00 97 B5 85 B2 00 00 00 00 75 03
17 00 3A 00 91 15 24 00 00 4D 7D 88 B2 00 00 00 00 B3 C2 85 B2 00 00 00 00 76 03
17 00 3A 00 91 15 24 00 00 21 71 88 B2 00 00 00 00 DF CE 85 B2 00 00 00 00 77 03
17 00 3A 00 91 15 24 00 00 2F 64 88 B2 00 00 00 00 D1 DB 85 B2 00 00 00 00 78 03
17 00 3A 00 91 15 24 00 00 DE 57 88 B2 00 00 00 00 22 E8 85 B2 00 00 00 00 79 03
17 00 3A 00 91 15 24 00 00 F8 AF 88 B2 00 00 00 00 08 90 85 B2 00 00 00 00 7A 03
17 00 3A 00 91 15 24 00 00 1B A4 88 B2 00 00 00 00 E5 9B 85 B2 00 00 00 00 7B 03
17 00 3A 00 91 15 24 00 00 33 97 88 B2 00 00 00 00 CD A8 85 B2 00 00 00 00 7C 03
17 00 3A 00 91 15 24 00 00 02 8A 88 B2 00 00 00 00 FE B5 85 B2 00 00 00 00 7D 03
17 00 3A 00 91 15 24 00 00 E4 7D 88 B2 00 00 00 00 1C C2 85 B2 00 00 00 00 7E 03
17 00 3A 00 91 15 24 00 00 6A 71 88 B2 00 00 00 00 96 CE 85 B2 00 00 00 00 7F 03
17 00 3A 00 91 15 24 00 00 C9 64 88 B2 00 00 00 00 37 DB 85 B2 00 00 00 00 80 03
17 00 3A 00 91 15 24 00 00 D2 57 88 B2 00 00 00 00 2E E8 85 B2 00 00 00 00 81 03
17 00 3A 00 91 15 24 00 00 11 B1 88 B2 00 00 00 00 EF 8E 85 B2 00 00 00 00 82 03
17 00 3A 00 91 15 24 00 00 5C A4 88 B2 00 00 00 00 A4 9B 85 B2 00 00 00 00 83 03
17 00 3A 00 91 15 24 00 00 9E 97 88 B2 00 00 00 00 62 A8 85 B2 00 00 00 00 84 03
17 00 3A 00 91 15 24 00 00 56 8B 88 B2 00 00 00 00 AA B4 85 B2 00 00 00 00 85 03
17 00 3A 00 91 15 24 00 00 6B 7E 88 B2 00 00 00 00 95 C1 85 B2 00 00 00 00 86 03
17 00 3A 00 91 15 24 00 00 13 72 88 B2 00 00 00 00 ED CD 85 B2 00 00 00 00 87 03
17 00 3A 00 91 15 24 00 00 BA 65 88 B2 00 00 00 00 46 DA 85 B2 00 00 00 00 88 03
17 00 3A 00 91 15 24 00 00 79 58 88 B2 00 00 00 00 87 E7 85 B2 00 00 00 00 89 03
17 00 3A 00 91 15 24 00 00 CE B1 88 B2 00 00 00 00 32 8E 85 B2 00 00 00 00 8A 03
17 00 3A 00 91 15 24 00 00 0C A5 88 B2 00 00 00 00 F4 9A 85 B2 00 00 00 00 8B 03
17 00 3A 00 91 15 24 00 00 CF 98 88 B2 00 00 00 00 31 A7 85 B2 00 00 00 00 8C 03
17 00 3A 00 91 15 24 00 00 A3 8B 88 B2 00 00 00 00 5D B4 85 B2 00 00 00 00 8D 03
17 00 3A 00 91 15 24 00 00 98 7F 88 B2 00 00 00 00 68 C0 85 B2 00 00 00 00 8E 03
17 00 3A 00 91 15 24 00 00 52 73 88 B2 00 00 00 00 AE CC 85 B2 00 00 00 00 8F 03
17 00 3A 00 91 15 24 00 00 68 66 88 B2 00 00 00 00 98 D9 85 B2 00 00 00 00 90 03
17 00 3A 00 91 15 24 00 00 4C 5A 88 B2 00 00 00 00 B4 E5 85 B2 00 00 00 00 91 03
17 00 3A 00 91 15 24 00 00 F2 B2 88 B2 00 00 00 00 0E 8D 85 B2 00 00 00 00 92 03
17 00 3A 00 91 15 24 00 00 D7 A5 88 B2 00 00 00 00 29 9A 85 B2 00 00 00 00 93 03
17 00 3A 00 91 15 24 00 00 AF 99 88 B2 00 00 00 00 51 A6 85 B2 00 00 00 00 94 03
17 00 3A 00 91 15 24 00 00 C3 8C 88 B2 00 00 00 00 3D B3 85 B2 00 00 00 00 95 03
17 00 3A 00 91 15 24 00 00 19 80 88 B2 00 00 00 00 E7 BF 85 B2 00 00 00 00 96 03
17 00 3A 00 91 15 24 00 00 47 73 88 B2 00 00 00 00 B9 CC 85 B2 00 00 00 00 97 03
17 00 3A 00 91 15 24 00 00 C5 66 88 B2 00 00 00 00 3B D9 85 B2 00 00 00 00 98 03
17 00 3A 00 91 15 24 00 00 56 59 88 B2 00 00 00 00 AA E6 85 B2 00 00 00 00 99 03
17 00 3A 00 91 15 24 00 00 66 B3 88 B2 00 00 00 00 9A 8C 85 B2 00 00 00 00 9A 03
17 00 3A 00 91 15 24 00 00 19 A6 88 B2 00 00 00 00 E7 99 85 B2 00 00 00 00 9B 03
17 00 3A 00 91 15 24 00 00 EC 99 88 B2 00 00 00 00 14 A6 85 B2 00 00 00 00 9C 03
17 00 3A 00 91 15 24 00 00 25 8D 88 B2 00 00 00 00 DB B2 85 B2 00 00 00 00 9D 03
17 00 3A 00 91 15 24 00 00 1B 80 88 B2 00 00 00 00 E5 BF 85 B2 00 00 00 00 9E 03
17 00 3A 00 91 15 24 00 00 B9 73 88 B2 00 00 00 00 47 CC 85 B2 00 00 00 00 9F 03
17 00 3A 00 91 15 24 00 00 DA 66 88 B2 00 00 00 00 26 D9 85 B2 00 00 00 00 A0 03
17 00 3A 00 91 15 24 00 00 47 5A 88 B2 00 00 00 00 B9 E5 85 B2 00 00 00 00 A1 03
17 00 3A 00 91 15 24 00 00 DE B2 88 B2 00 00 00 00 22 8D 85 B2 00 00 00 00 A2 03
17 00 3A 00 91 15 24 00 00 24 A6 88 B2 00 00 00 00 DC 99 85 B2 00 00 00 00 A3 03
17 00 3A 00 91 15 24 00 00 1F 99 88 B2 00 00 00 00 E1 A6 85 B2 00 00 00 00 A4 03
17 00 3A 00 91 15 24 00 00 39 8D 88 B2 00 00 00 00 C7 B2 85 B2 00 00 00 00 A5 03
17 00 3A 00 91 15 24 00 00 03 80 88 B2 00 00 00 00 FD BF 85 B2 00 00 00 00 A6 03
17 00 3A 00 91 15 24 00 00 6B 73 88 B2 00 00 00 00 95 CC 85 B2 00 00 00 00 A7 03
17 00 3A 00 91 15 24 00 00 38 66 88 B2 00 00 00 00 C8 D9 85 B2 00 00 00 00 A8 03
17 00 3A 00 91 15 24 00 00 73 59 88 B2 00 00 00 00 8D E6 85 B2 00 00 00 00 A9 03
17 00 3A 00 91 15 24 00 00 B1 B1 88 B2 00 00 00 00 4F 8E 85 B2 00 00 00 00 AA 03
17 00 3A 00 91 15 24 00 00 FB A5 88 B2 00 00 00 00 05 9A 85 B2 00 00 00 00 AB 03
17 00 3A 00 91 15 24 00 00 87 98 88 B2 00 00 00 00 79 A7 85 B2 00 00 00 00 AC 03
17 00 3A 00 91 15 24 00 00 A2 8B 88 B2 00 00 00 00 5E B4 85 B2 00 00 00 00 AD 03
17 00 3A 00 91 15 24 00 00 E4 7E 88 B2 00 00 00 00 1C C1 85 B2 00 00 00 00 AE 03
17 00 3A 00 91 15 24 00 00 7D 71 88 B2 00 00 00 00 83 CE 85 B2 00 00 00 00 AF 03
17 00 3A 00 91 15 24 00 00 F9 64 88 B2 00 00 00 00 07 DB 85 B2 00 00 00 00 B0 03
17 00 3A 00 91 15 24 00 00 0A 59 88 B2 00 00 00 00 F6 E6 85 B2 00 00 00 00 B1 03
17 00 3A 00 91 15 24 00 00 87 B0 88 B2 00 00 00 00 79 8F 85 B2 00 00 00 00 B2 03
17 00 3A 00 91 15 24 00 00 1B A4 88 B2 00 00 00 00 E5 9B 85 B2 00 00 00 00 B3 03
17 00 3A 00 91 15 24 00 00 25 98 88 B2 00 00 00 00 DB A7 85 B2 00 00 00 00 B4 03
17 00 3A 00 91 15 24 00 00 10 8B 88 B2 00 00 00 00 F0 B4 85 B2 00 00 00 00 B5 03
17 00 3A 00 91 15 24 00 00 D7 7D 88 B2 00 00 00 00 29 C2 85 B2 00 00 00 00 B6 03
17 00 3A 00 91 15 24 00 00 E5 71 88 B2 00 00 00 00 1B CE 85 B2 00 00 00 00 B7 03
17 00 3A 00 91 15 24 00 00 42 64 88 B2 00 00 00 00 BE DB 85 B2 00 00 00 00 B8 03
17 00 3A 00 91 15 24 00 00 EF 57 88 B2 00 00 00 00 11 E8 85 B2 00 00 00 00 B9 03
17 00 3A 00 91 15 24 00 00 43 B0 88 B2 00 00 00 00 BD 8F 85 B2 00 00 00 00 BA 03
17 00 3A 00 91 15 24 00 00 0F A3 88 B2 00 00 00 00 F1 9C 85 B2 00 00 00 00 BB 03
17 00 3A 00 91 15 24 00 00 A3 96 88 B2 00 00 00 00 5D A9 85 B2 00 00 00 00 BC 03
17 00 3A 00 91 15 24 00 00 FC 88 88 B2 00 00 00 00 04 B7 85 B2 00 00 00 00 BD 03
17 00 3A 00 91 15 24 00 00 79 7C 88 B2 00 00 00 00 87 C3 85 B2 00 00 00 00 BE 03
17 00 3A 00 91 15 24 00 00 9C 6F 88 B2 00 00 00 00 64 D0 85 B2 00 00 00 00 BF 03
17 00 3A 00 91 15 24 00 00 C2 62 88 B2 00 00 00 00 3E DD 85 B2 00 00 00 00 C0 03
17 00 3A 00 91 15 24 00 00 3A 56 88 B2 00 00 00 00 C6 E9 85 B2 00 00 00 00 C1 03
17 00 3A 00 91 15 24 00 00 9D AE 88 B2 00 00 00 00 63 91 85 B2 00 00 00 00 C2 03
17 00 3A 00 91 15 24 00 00 90 A2 88 B2 00 00 00 00 70 9D 85 B2 00 00 00 00 C3 03
17 00 3A 00 91 15 24 00 00 65 95 88 B2 00 00 00 00 9B AA 85 B2 00 00 00 00 C4 03
17 00 3A 00 91 15 24 00 00 77 88 88 B2 00 00 00 00 89 B7 85 B2 00 00 00 00 C5 03
17 00 3A 00 91 15 24 00 00 91 7B 88 B2 00 00 00 00 6F C4 85 B2 00 00 00 00 C6 03
17 00 3A 00 91 15 24 00 00 32 6E 88 B2 00 00 00 00 CE D1 85 B2 00 00 00 00 C7 03
17 00 3A 00 91 15 24 00 00 BE 61 88 B2 00 00 00 00 42 DE 85 B2 00 00 00 00 C8 03
17 00 3A 00 91 15 24 00 00 02 BB 88 B2 00 00 00 00 FE 84 85 B2 00 00 00 00 C9 03
17 00 3A 00 91 15 24 00 00 9A AD 88 B2 00 00 00 00 66 92 85 B2 00 00 00 00 CA 03
17 00 3A 00 91 15 24 00 00 1F A1 88 B2 00 00 00 00 E1 9E 85 B2 00 00 00 00 CB 03
17 00 3A 00 91 15 24 00 00 C9 93 88 B2 00 00 00 00 37 AC 85 B2 00 00 00 00 CC 03
17 00 3A 00 91 15 24 00 00 DF 86 88 B2 00 00 00 00 21 B9 85 B2 00 00 00 00 CD 03
17 00 3A 00 91 15 24 00 00 C2 79 88 B2 00 00 00 00 3E C6 85 B2 00 00 00 00 CE 03
17 00 3A 00 91 15 24 00 00 DF 6C 88 B2 00 00 00 00 21 D3 85 B2 00 00 00 00 CF 03
17 00 3A 00 91 15 24 00 00 2A 60 88 B2 00 00 00 00 D6 DF 85 B2 00 00 00 00 D0 03
17 00 3A 00 91 15 24 00 00 E4 B8 88 B2 00 00 00 00 1C 87 85 B2 00 00 00 00 D1 03
17 00 3A 00 91 15 24 00 00 1D AC 88 B2 00 00 00 00 E3 93 85 B2 00 00 00 00 D2 03
17 00 3A 00 91 15 24 00 00 20 9F 88 B2 00 00 00 00 E0 A0 85 B2 00 00 00 00 D3 03
17 00 3A 00 91 15 24 00 00 CE 92 88 B2 00 00 00 00 32 AD 85 B2 00 00 00 00 D4 03
17 00 3A 00 91 15 24 00 00 88 85 88 B2 00 00 00 00 78 BA 85 B2 00 00 00 00 D5 03
17 00 3A 00 91 15 24 00 00 A0 78 88 B2 00 00 00 00 60 C7 85 B2 00 00 00 00 D6 03
17 00 3A 00 91 15 24 00 00 A8 6B 88 B2 00 00 00 00 58 D4 85 B2 00 00 00 00 D7 03
17 00 3A 00 91 15 24 00 00 A9 5E 88 B2 00 00 00 00 57 E1 85 B2 00 00 00 00 D8 03
17 00 3A 00 91 15 24 00 00 53 B7 88 B2 00 00 00 00 AD 88 85 B2 00 00 00 00 D9 03
17 00 3A 00 91 15 24 00 00 A0 AA 88 B2 00 00 00 00 60 95 85 B2 00 00 00 00 DA 03
17 00 3A 00 91 15 24 00 00 B7 9D 88 B2 00 00 00 00 49 A2 85 B2 00 00 00 00 DB 03
17 00 3A 00 91 15 24 00 00 6B 90 88 B2 00 00 00 00 95 AF 85 B2 00 00 00 00 DC 03
17 00 3A 00 91 15 24 00 00 38 83 88 B2 00 00 00 00 C8 BC 85 B2 00 00 00 00 DD 03
17 00 3A 00 91 15 24 00 00 E3 76 88 B2 00 00 00 00 1D C9 85 B2 00 00 00 00 DE 03
17 00 3A 00 91 15 24 00 00 5B 6A 88 B2 00 00 00 00 A5 D5 85 B2 00 00 00 00 DF 03
17 00 3A 00 91 15 24 00 00 2F 5D 88 B2 00 00 00 00 D1 E2 85 B2 00 00 00 00 E0 03
17 00 3A 00 91 15 24 00 00 2E B6 88 B2 00 00 00 00 D2 89 85 B2 00 00 00 00 E1 03
17 00 3A 00 91 15 24 00 00 6B A8 88 B2 00 00 00 00 95 97 85 B2 00 00 00 00 E2 03
17 00 3A 00 91 15 24 00 00 D5 9B 88 B2 00 00 00 00 2B A4 85 B2 00 00 00 00 E3 03
17 00 3A 00 91 15 24 00 00 D1 8E 88 B2 00 00 00 00 2F B1 85 B2 00 00 00 00 E4 03
17 00 3A 00 91 15 24 00 00 71 81 88 B2 00 00 00 00 8F BE 85 B2 00 00 00 00 E5 03
17 00 3A 00 91 15 24 00 00 90 74 88 B2 00 00 00 00 70 CB 85 B2 00 00 00 00 E6 03
17 00 3A 00 91 15 24 00 00 48 68 88 B2 00 00 00 00 B8 D7 85 B2 00 00 00 00 E7 03
17 00 3A 00 91 15 24 00 00 9D 5B 88 B2 00 00 00 00 63 E4 85 B2 00 00 00 00 E8 03
17 00 3A 00 91 15 24 00 00 72 B3 88 B2 00 00 00 00 8E 8C 85 B2 00 00 00 00 E9 03
17 00 3A 00 91 15 24 00 00 46 A7 88 B2 00 00 00 00 BA 98 85 B2 00 00 00 00 EA 03
17 00 3A 00 91 15 24 00 00 D2 9A 88 B2 00 00 00 00 2E A5 85 B2 00 00 00 00 EB 03
17 00 3A 00 91 15 24 00 00 B5 8D 88 B2 00 00 00 00 4B B2 85 B2 00 00 00 00 EC 03
17 00 3A 00 91 15 24 00 00 81 80 88 B2 00 00 00 00 7F BF 85 B2 00 00 00 00 ED 03
17 00 3A 00 91 15 24 00 00 AF 73 88 B2 00 00 00 00 51 CC 85 B2 00 00 00 00 EE 03
17 00 3A 00 91 15 24 00 00 B9 66 88 B2 00 00 00 00 47 D9 85 B2 00 00 00 00 EF 03
17 00 3A 00 91 15 24 00 00 9C 59 88 B2 00 00 00 00 64 E6 85 B2 00 00 00 00 F0 03
17 00 3A 00 91 15 24 00 00 E9 B2 88 B2 00 00 00 00 17 8D 85 B2 00 00 00 00 F1 03
17 00 3A 00 91 15 24 00 00 E8 A5 88 B2 00 00 00 00 18 9A 85 B2 00 00 00 00 F2 03
17 00 3A 00 91 15 24 00 00 F7 98 88 B2 00 00 00 00 09 A7 85 B2 00 00 00 00 F3 03
17 00 3A 00 91 15 24 00 00 00 8C 88 B2 00 00 00 00 00 B4 85 B2 00 00 00 00 F4 03
17 00 3A 00 91 15 24 00 00 41 7F 88 B2 00 00 00 00 BF C0 85 B2 00 00 00 00 F5 03
17 00 3A 00 91 15 24 00 00 FE 71 88 B2 00 00 00 00 02 CE 85 B2 00 00 00 00 F6 03
17 00 3A 00 91 15 24 00 00 53 65 88 B2 00 00 00 00 AD DA 85 B2 00 00 00 00 F7 03
17 00 3A 00 91 15 24 00 00 35 58 88 B2 00 00 00 00 CB E7 85 B2 00 00 00 00 F8 03
17 00 3A 00 91 15 24 00 00 4A B0 88 B2 00 00 00 00 B6 8F 85 B2 00 00 00 00 F9 03
17 00 3A 00 91 15 24 00 00 EF A3 88 B2 00 00 00 00 11 9C 85 B2 00 00 00 00 FA 03
17 00 3A 00 91 15 24 00 00 6E 97 88 B2 00 00 00 00 92 A8 85 B2 00 00 00 00 FB 03
17 00 3A 00 91 15 24 00 00 3F 8A 88 B2 00 00 00 00 C1 B5 85 B2 00 00 00 00 FC 03
17 00 3A 00 91 15 24 00 00 89 7C 88 B2 00 00 00 00 77 C3 85 B2 00 00 00 00 FD 03
17 00 3A 00 91 15 24 00 00 1A 70 88 B2 00 00 00 00 E6 CF 85 B2 00 00 00 00 FE 03
17 00 3A 00 91 15 24 00 00 6A 63 88 B2 00 00 00 00 96 DC 85 B2 00 00 00 00 FF 03
17 00 3A 00 91 15 24 00 00 C9 55 88 B2 00 00 00 00 37 EA 85 B2 00 00 00 00 00 04
17 00 3A 00 91 15 24 00 00 1F AF 88 B2 00 00 00 00 E1 90 85 B2 00 00 00 00 01 04
17 00 3A 00 91 15 24 00 00 FF A1 88 B2 00 00 00 00 01 9E 85 B2 00 00 00 00 02 04
17 00 3A 00 91 15 24 00 00 D3 94 88 B2 00 00 00 00 2D AB 85 B2 00 00 00 00 03 04
17 00 3A 00 91 15 24 00 00 02 88 88 B2 00 00 00 00 FE B7 85 B2 00 00 00 00 04 04
17 00 3A 00 91 15 24 00 00 31 7B 88 B2 00 00 00 00 CF C4 85 B2 00 00 00 00 05 04
17 00 3A 00 91 15 24 00 00 21 6E 88 B2 00 00 00 00 DF D1 85 B2 00 00 00 00 06 04
17 00 3A 00 91 15 24 00 00 DD 5F 88 B2 00 00 00 00 23 E0 85 B2 00 00 00 00 07 04
17 00 3A 00 91 15 24 00 00 5D B9 88 B2 00 00 00 00 A3 86 85 B2 00 00 00 00 08 04
17 00 3A 00 91 15 24 00 00 F3 AB 88 B2 00 00 00 00 0D 94 85 B2 00 00 00 00 09 04
17 00 3A 00 91 15 24 00 00 46 9F 88 B2 00 00 00 00 BA A0 85 B2 00 00 00 00 0A 04
17 00 3A 00 91 15 24 00 00 F4 92 88 B2 00 00 00 00 0C AD 85 B2 00 00 00 00 0B 04
17 00 3A 00 91 15 24 00 00 E2 85 88 B2 00 00 00 00 1E BA 85 B2 00 00 00 00 0C 04
17 00 3A 00 91 15 24 00 00 77 77 88 B2 00 00 00 00 89 C8 85 B2 00 00 00 00 0D 04
17 00 3A 00 91 15 24 00 00 41 6B 88 B2 00 00 00 00 BF D4 85 B2 00 00 00 00 0E 04
17 00 3A 00 91 15 24 00 00 44 5F 88 B2 00 00 00 00 BC E0 85 B2 00 00 00 00 0F 04
17 00 3A 00 91 15 24 00 00 E3 B6 88 B2 00 00 00 00 1D 89 85 B2 00 00 00 00 10 04
17 00 3A 00 91 15 24 00 00 EC A9 88 B2 00 00 00 00 14 96 85 B2 00 00 00 00 11 04
17 00 3A 00 91 15 24 00 00 0E 9C 88 B2 00 00 00 00 F2 A3 85 B2 00 00 00 00 12 04
17 00 3A 00 91 15 24 00 00 1F 90 88 B2 00 00 00 00 E1 AF 85 B2 00 00 00 00 13 04
17 00 3A 00 91 15 24 00 00 7C 82 88 B2 00 00 00 00 84 BD 85 B2 00 00 00 00 14 04
17 00 3A 00 91 15 24 00 00 55 75 88 B2 00 00 00 00 AB CA 85 B2 00 00 00 00 15 04
17 00 3A 00 91 15 24 00 00 6D 68 88 B2 00 00 00 00 93 D7 85 B2 00 00 00 00 16 04
17 00 3A 00 91 15 24 00 00 92 5B 88 B2 00 00 00 00 6E E4 85 B2 00 00 00 00 17 04
17 00 3A 00 91 15 24 00 00 4F B3 88 B2 00 00 00 00 B1 8C 85 B2 00 00 00 00 18 04
17 00 3A 00 91 15 24 00 00 AA A6 88 B2 00 00 00 00 56 99 85 B2 00 00 00 00 19 04
17 00 3A 00 91 15 24 00 00 D2 98 88 B2 00 00 00 00 2E A7 85 B2 00 00 00 00 1A 04
17 00 3A 00 91 15 24 00 00 77 8D 88 B2 00 00 00 00 89 B2 85 B2 00 00 00 00 1B 04
17 00 3A 00 91 15 24 00 00 7D 7F 88 B2 00 00 00 00 83 C0 85 B2 00 00 00 00 1C 04
17 00 3A 00 91 15 24 00 00 9A 72 88 B2 00 00 00 00 66 CD 85 B2 00 00 00 00 1D 04
17 00 3A 00 91 15 24 00 00 A7 65 88 B2 00 00 00 00 59 DA 85 B2 00 00 00 00 1E 04
17 00 3A 00 91 15 24 00 00 5A 58 88 B2 00 00 00 00 A6 E7 85 B2 00 00 00 00 1F 04
17 00 3A 00 91 15 24 00 00 E1 B0 88 B2 00 00 00 00 1F 8F 85 B2 00 00 00 00 20 04
17 00 3A 00 91 15 24 00 00 62 A4 88 B2 00 00 00 00 9E 9B 85 B2 00 00 00 00 21 04
17 00 3A 00 91 15 24 00 00 34 97 88 B2 00 00 00 00 CC A8 85 B2 00 00 00 00 22 04
17 00 3A 00 91 15 24 00 00 64 89 88 B2 00 00 00 00 9C B6 85 B2 00 00 00 00 23 04
17 00 3A 00 91 15 24 00 00 D8 7C 88 B2 00 00 00 00 28 C3 85 B2 00 00 00 00 24 04
17 00 3A 00 91 15 24 00 00 02 70 88 B2 00 00 00 00 FE CF 85 B2 00 00 00 00 25 04
17 00 3A 00 91 15 24 00 00 63 62 88 B2 00 00 00 00 9D DD 85 B2 00 00 00 00 26 04
17 00 3A 00 91 15 24 00 00 46 54 88 B2 00 00 00 00 BA EB 85 B2 00 00 00 00 27 04
17 00 3A 00 91 15 24 00 00 6E AE 88 B2 00 00 00 00 92 91 85 B2 00 00 00 00 28 04
17 00 3A 00 91 15 24 00 00 14 A1 88 B2 00 00 00 00 EC 9E 85 B2 00 00 00 00 29 04
17 00 3A 00 91 15 24 00 00 2B 94 88 B2 00 00 00 00 D5 AB 85 B2 00 00 00 00 2A 04
17 00 3A 00 91 15 24 00 00 82 87 88 B2 00 00 00 00 7E B8 85 B2 00 00 00 00 2B 04
17 00 3A 00 91 15 24 00 00 EC 79 88 B2 00 00 00 00 14 C6 85 B2 00 00 00 00 2C 04
17 00 3A 00 91 15 24 00 00 E4 6D 88 B2 00 00 00 00 1C D2 85 B2 00 00 00 00 2D 04
17 00 3A 00 91 15 24 00 00 9C 60 88 B2 00 00 00 00 64 DF 85 B2 00 00 00 00 2E 04
17 00 3A 00 91 15 24 00 00 54 B9 88 B2 00 00 00 00 AC 86 85 B2 00 00 00 00 2F 04
17 00 3A 00 91 15 24 00 00 E8 AB 88 B2 00 00 00 00 18 94 85 B2 00 00 00 00 30 04
17 00 3A 00 91 15 24 00 00 7E 9F 88 B2 00 00 00 00 82 A0 85 B2 00 00 00 00 31 04
17 00 3A 00 91 15 24 00 00 81 92 88 B2 00 00 00 00 7F AD 85 B2 00 00 00 00 32 04
17 00 3A 00 91 15 24 00 00 F6 85 88 B2 00 00 00 00 0A BA 85 B2 00 00 00 00 33 04
17 00 3A 00 91 15 24 00 00 E8 78 88 B2 00 00 00 00 18 C7 85 B2 00 00 00 00 34 04
17 00 3A 00 91 15 24 00 00 D1 6C 88 B2 00 00 00 00 2F D3 85 B2 00 00 00 00 35 04
17 00 3A 00 91 15 24 00 00 60 60 88 B2 00 00 00 00 A0 DF 85 B2 00 00 00 00 36 04
17 00 3A 00 91 15 24 00 00 F2 B8 88 B2 00 00 00 00 0E 87 85 B2 00 00 00 00 37 04
17 00 3A 00 91 15 24 00 00 27 AE 88 B2 00 00 00 00 D9 91 85 B2 00 00 00 00 38 04
17 00 3A 00 91 15 24 00 00 77 A1 88 B2 00 00 00 00 89 9E 85 B2 00 00 00 00 39 04
17 00 3A 00 91 15 24 00 00 10 96 88 B2 00 00 00 00 F0 A9 85 B2 00 00 00 00 3A 04
17 00 3A 00 91 15 24 00 00 52 8B 88 B2 00 00 00 00 AE B4 85 B2 00 00 00 00 3B 04
17 00 3A 00 91 15 24 00 00 01 7F 88 B2 00 00 00 00 FF C0 85 B2 00 00 00 00 3C 04
17 00 3A 00 91 15 24 00 00 5A 73 88 B2 00 00 00 00 A6 CC 85 B2 00 00 00 00 3D 04
17 00 3A 00 91 15 24 00 00 CF 67 88 B2 00 00 00 00 31 D8 85 B2 00 00 00 00 3E 04
17 00 3A 00 91 15 24 00 00 CD 5B 88 B2 00 00 00 00 33 E4 85 B2 00 00 00 00 3F 04
17 00 3A 00 91 15 24 00 00 AA B5 88 B2 00 00 00 00 56 8A 85 B2 00 00 00 00 40 04
17 00 3A 00 91 15 24 00 00 3A AA 88 B2 00 00 00 00 C6 95 85 B2 00 00 00 00 41 04
17 00 3A 00 91 15 24 00 00 77 9E 88 B2 00 00 00 00 89 A1 85 B2 00 00 00 00 42 04
17 00 3A 00 91 15 24 00 00 C4 92 88 B2 00 00 00 00 3C AD 85 B2 00 00 00 00 43 04
17 00 3A 00 91 15 24 00 00 CD 87 88 B2 00 00 00 00 33 B8 85 B2 00 00 00 00 44 04
17 00 3A 00 91 15 24 00 00 59 7C 88 B2 00 00 00 00 A7 C3 85 B2 00 00 00 00 45 04
17 00 3A 00 91 15 24 00 00 BE 6F 88 B2 00 00 00 00 42 D0 85 B2 00 00 00 00 46 04
17 00 3A 00 91 15 24 00 00 14 65 88 B2 00 00 00 00 EC DA 85 B2 00 00 00 00 47 04
17 00 3A 00 91 15 24 00 00 DE 58 88 B2 00 00 00 00 22 E7 85 B2 00 00 00 00 48 04
17 00 3A 00 91 15 24 00 00 EC B2 88 B2 00 00 00 00 14 8D 85 B2 00 00 00 00 49 04
17 00 3A 00 91 15 24 00 00 7F A7 88 B2 00 00 00 00 81 98 85 B2 00 00 00 00 4A 04
17 00 3A 00 91 15 24 00 00 DE 9B 88 B2 00 00 00 00 22 A4 85 B2 00 00 00 00 4B 04
17 00 3A 00 91 15 24 00 00 20 90 88 B2 00 00 00 00 E0 AF 85 B2 00 00 00 00 4C 04
17 00 3A 00 91 15 24 00 00 F0 84 88 B2 00 00 00 00 10 BB 85 B2 00 00 00 00 4D 04
17 00 3A 00 91 15 24 00 00 DE 78 88 B2 00 00 00 00 22 C7 85 B2 00 00 00 00 4E 04
17 00 3A 00 91 15 24 00 00 DB 6C 88 B2 00 00 00 00 25 D3 85 B2 00 00 00 00 4F 04
17 00 3A 00 91 15 24 00 00 1C 61 88 B2 00 00 00 00 E4 DE 85 B2 00 00 00 00 50 04
17 00 3A 00 91 15 24 00 00 D1 55 88 B2 00 00 00 00 2F EA 85 B2 00 00 00 00 51 04
17 00 3A 00 91 15 24 00 00 F2 AE 88 B2 00 00 00 00 0E 91 85 B2 00 00 00 00 52 04
17 00 3A 00 91 15 24 00 00 7D A3 88 B2 00 00 00 00 83 9C 85 B2 00 00 00 00 53 04
17 00 3A 00 91 15 24 00 00 EA 97 88 B2 00 00 00 00 16 A8 85 B2 00 00 00 00 54 04
17 00 3A 00 91 15 24 00 00 F3 8B 88 B2 00 00 00 00 0D B4 85 B2 00 00 00 00 55 04
17 00 3A 00 91 15 24 00 00 26 80 88 B2 00 00 00 00 DA BF 85 B2 00 00 00 00 56 04
17 00 3A 00 91 15 24 00 00 4D 74 88 B2 00 00 00 00 B3 CB 85 B2 00 00 00 00 57 04
17 00 3A 00 91 15 24 00 00 87 68 88 B2 00 00 00 00 79 D7 85 B2 00 00 00 00 58 04
17 00 3A 00 91 15 24 00 00 39 5D 88 B2 00 00 00 00 C7 E2 85 B2 00 00 00 00 59 04
17 00 3A 00 91 15 24 00 00 BB B6 88 B2 00 00 00 00 45 89 85 B2 00 00 00 00 5A 04
17 00 3A 00 91 15 24 00 00 44 AA 88 B2 00 00 00 00 BC 95 85 B2 00 00 00 00 5B 04
17 00 3A 00 91 15 24 00 00 48 9F 88 B2 00 00 00 00 B8 A0 85 B2 00 00 00 00 5C 04
17 00 3A 00 91 15 24 00 00 3D 93 88 B2 00 00 00 00 C3 AC 85 B2 00 00 00 00 5D 04
17 00 3A 00 91 15 24 00 00 9E 87 88 B2 00 00 00 00 62 B8 85 B2 00 00 00 00 5E 04
17 00 3A 00 91 15 24 00 00 67 7B 88 B2 00 00 00 00 99 C4 85 B2 00 00 00 00 5F 04
17 00 3A 00 91 15 24 00 00 4F 70 88 B2 00 00 00 00 B1 CF 85 B2 00 00 00 00 60 04
17 00 3A 00 91 15 24 00 00 6F 64 88 B2 00 00 00 00 91 DB 85 B2 00 00 00 00 61 04
17 00 3A 00 91 15 24 00 00 8D 58 88 B2 00 00 00 00 73 E7 85 B2 00 00 00 00 62 04
17 00 3A 00 91 15 24 00 00 2F B2 88 B2 00 00 00 00 D1 8D 85 B2 00 00 00 00 63 04
17 00 3A 00 91 15 24 00 00 73 A6 88 B2 00 00 00 00 8D 99 85 B2 00 00 00 00 64 04
17 00 3A 00 91 15 24 00 00 F1 9A 88 B2 00 00 00 00 0F A5 85 B2 00 00 00 00 65 04
17 00 3A 00 91 15 24 00 00 7D 8F 88 B2 00 00 00 00 83 B0 85 B2 00 00 00 00 66 04
17 00 3A 00 91 15 24 00 00 68 84 88 B2 00 00 00 00 98 BB 85 B2 00 00 00 00 67 04
17 00 3A 00 91 15 24 00 00 A4 78 88 B2 00 00 00 00 5C C7 85 B2 00 00 00 00 68 04
17 00 3A 00 91 15 24 00 00 0A 6D 88 B2 00 00 00 00 F6 D2 85 B2 00 00 00 00 69 04
17 00 3A 00 91 15 24 00 00 67 60 88 B2 00 00 00 00 99 DF 85 B2 00 00 00 00 6A 04
17 00 3A 00 91 15 24 00 00 DD 54 88 B2 00 00 00 00 23 EB 85 B2 00 00 00 00 6B 04
17 00 3A 00 91 15 24 00 00 53 AF 88 B2 00 00 00 00 AD 90 85 B2 00 00 00 00 6C 04
17 00 3A 00 91 15 24 00 00 7D A3 88 B2 00 00 00 00 83 9C 85 B2 00 00 00 00 6D 04
17 00 3A 00 91 15 24 00 00 EF 97 88 B2 00 00 00 00 11 A8 85 B2 00 00 00 00 6E 04
17 00 3A 00 91 15 24 00 00 96 8C 88 B2 00 00 00 00 6A B3 85 B2 00 00 00 00 6F 04
17 00 3A 00 91 15 24 00 00 E1 80 88 B2 00 00 00 00 1F BF 85 B2 00 00 00 00 70 04
17 00 3A 00 91 15 24 00 00 4E 74 88 B2 00 00 00 00 B2 CB 85 B2 00 00 00 00 71 04
17 00 3A 00 91 15 24 00 00 A6 69 88 B2 00 00 00 00 5A D6 85 B2 00 00 00 00 72 04
17 00 3A 00 91 15 24 00 00 5A 5E 88 B2 00 00 00 00 A6 E1 85 B2 00 00 00 00 73 04
17 00 3A 00 91 15 24 00 00 EB B7 88 B2 00 00 00 00 15 88 85 B2 00 00 00 00 74 04
17 00 3A 00 91 15 24 00 00 12 AC 88 B2 00 00 00 00 EE 93 85 B2 00 00 00 00 75 04
17 00 3A 00 91 15 24 00 00 98 A0 88 B2 00 00 00 00 68 9F 85 B2 00 00 00 00 76 04
17 00 3A 00 91 15 24 00 00 43 94 88 B2 00 00 00 00 BD AB 85 B2 00 00 00 00 77 04
17 00 3A 00 91 15 24 00 00 2E 89 88 B2 00 00 00 00 D2 B6 85 B2 00 00 00 00 78 04
17 00 3A 00 91 15 24 00 00 92 7D 88 B2 00 00 00 00 6E C2 85 B2 00 00 00 00 79 04
17 00 3A 00 91 15 24 00 00 38 71 88 B2 00 00 00 00 C8 CE 85 B2 00 00 00 00 7A 04
17 00 3A 00 91 15 24 00 00 50 66 88 B2 00 00 00 00 B0 D9 85 B2 00 00 00 00 7B 04
17 00 3A 00 91 15 24 00 00 C3 5A 88 B2 00 00 00 00 3D E5 85 B2 00 00 00 00 7C 04
17 00 3A 00 91 15 24 00 00 F4 B4 88 B2 00 00 00 00 0C 8B 85 B2 00 00 00 00 7D 04
17 00 3A 00 91 15 24 00 00 F4 A8 88 B2 00 00 00 00 0C 97 85 B2 00 00 00 00 7E 04
17 00 3A 00 91 15 24 00 00 4E 9D 88 B2 00 00 00 00 B2 A2 85 B2 00 00 00 00 7F 04
17 00 3A 00 91 15 24 00 00 FC 90 88 B2 00 00 00 00 04 AF 85 B2 00 00 00 00 80 04
17 00 3A 00 91 15 24 00 00 D0 85 88 B2 00 00 00 00 30 BA 85 B2 00 00 00 00 81 04
17 00 3A 00 91 15 24 00 00 3A 7A 88 B2 00 00 00 00 C6 C5 85 B2 00 00 00 00 82 04
17 00 3A 00 91 15 24 00 00 A5 6E 88 B2 00 00 00 00 5B D1 85 B2 00 00 00 00 83 04
17 00 3A 00 91 15 24 00 00 60 63 88 B2 00 00 00 00 A0 DC 85 B2 00 00 00 00 84 04
17 00 3A 00 91 15 24 00 00 54 57 88 B2 00 00 00 00 AC E8 85 B2 00 00 00 00 85 04
17 00 3A 00 91 15 24 00 00 A6 B1 88 B2 00 00 00 00 5A 8E 85 B2 00 00 00 00 86 04
17 00 3A 00 91 15 24 00 00 5F A7 88 B2 00 00 00 00 A1 98 85 B2 00 00 00 00 87 04
17 00 3A 00 91 15 24 00 00 42 9B 88 B2 00 00 00 00 BE A4 85 B2 00 00 00 00 88 04
17 00 3A 00 91 15 24 00 00 C2 8F 88 B2 00 00 00 00 3E B0 85 B2 00 00 00 00 89 04
17 00 3A 00 91 15 24 00 00 C7 83 88 B2 00 00 00 00 39 BC 85 B2 00 00 00 00 8A 04
17 00 3A 00 91 15 24 00 00 A6 79 88 B2 00 00 00 00 5A C6 85 B2 00 00 00 00 8B 04
17 00 3A 00 91 15 24 00 00 71 6D 88 B2 00 00 00 00 8F D2 85 B2 00 00 00 00 8C 04
17 00 3A 00 91 15 24 00 00 DC 61 88 B2 00 00 00 00 24 DE 85 B2 00 00 00 00 8D 04
17 00 3A 00 91 15 24 00 00 83 56 88 B2 00 00 00 00 7D E9 85 B2 00 00 00 00 8E 04
17 00 3A 00 91 15 24 00 00 FF AF 88 B2 00 00 00 00 01 90 85 B2 00 00 00 00 8F 04
17 00 3A 00 91 15 24 00 00 63 A4 88 B2 00 00 00 00 9D 9B 85 B2 00 00 00 00 90 04
17 00 3A 00 91 15 24 00 00 79 99 88 B2 00 00 00 00 87 A6 85 B2 00 00 00 00 91 04
17 00 3A 00 91 15 24 00 00 A8 8D 88 B2 00 00 00 00 58 B2 85 B2 00 00 00 00 92 04
17 00 3A 00 91 15 24 00 00 FF 81 88 B2 00 00 00 00 01 BE 85 B2 00 00 00 00 93 04
17 00 3A 00 91 15 24 00 00 FE 75 88 B2 00 00 00 00 02 CA 85 B2 00 00 00 00 94 04
17 00 3A 00 91 15 24 00 00 CA 6B 88 B2 00 00 00 00 36 D4 85 B2 00 00 00 00 95 04
17 00 3A 00 91 15 24 00 00 25 60 88 B2 00 00 00 00 DB DF 85 B2 00 00 00 00 96 04
17 00 3A 00 91 15 24 00 00 93 BA 88 B2 00 00 00 00 6D 85 85 B2 00 00 00 00 97 04
17 00 3A 00 91 15 24 00 00 99 AE 88 B2 00 00 00 00 67 91 85 B2 00 00 00 00 98 04
17 00 3A 00 91 15 24 00 00 8E A3 88 B2 00 00 00 00 72 9C 85 B2 00 00 00 00 99 04
17 00 3A 00 91 15 24 00 00 F0 97 88 B2 00 00 00 00 10 A8 85 B2 00 00 00 00 9A 04
17 00 3A 00 91 15 24 00 00 2E 8C 88 B2 00 00 00 00 D2 B3 85 B2 00 00 00 00 9B 04
17 00 3A 00 91 15 24 00 00 EA 80 88 B2 00 00 00 00 16 BF 85 B2 00 00 00 00 9C 04
17 00 3A 00 91 15 24 00 00 E5 75 88 B2 00 00 00 00 1B CA 85 B2 00 00 00 00 9D 04
17 00 3A 00 91 15 24 00 00 36 69 88 B2 00 00 00 00 CA D6 85 B2 00 00 00 00 9E 04
17 00 3A 00 91 15 24 00 00 85 5E 88 B2 00 00 00 00 7B E1 85 B2 00 00 00 00 9F 04
17 00 3A 00 91 15 24 00 00 DB B8 88 B2 00 00 00 00 25 87 85 B2 00 00 00 00 A0 04
17 00 3A 00 91 15 24 00 00 A8 AD 88 B2 00 00 00 00 58 92 85 B2 00 00 00 00 A1 04
17 00 3A 00 91 15 24 00 00 6D A1 88 B2 00 00 00 00 93 9E 85 B2 00 00 00 00 A2 04
17 00 3A 00 91 15 24 00 00 73 96 88 B2 00 00 00 00 8D A9 85 B2 00 00 00 00 A3 04
17 00 3A 00 91 15 24 00 00 33 8B 88 B2 00 00 00 00 CD B4 85 B2 00 00 00 00 A4 04
17 00 3A 00 91 15 24 00 00 2C 80 88 B2 00 00 00 00 D4 BF 85 B2 00 00 00 00 A5 04
17 00 3A 00 91 15 24 00 00 B1 74 88 B2 00 00 00 00 4F CB 85 B2 00 00 00 00 A6 04
17 00 3A 00 91 15 24 00 00 3D 68 88 B2 00 00 00 00 C3 D7 85 B2 00 00 00 00 A7 04
17 00 3A 00 91 15 24 00 00 98 5D 88 B2 00 00 00 00 68 E2 85 B2 00 00 00 00 A8 04
17 00 3A 00 91 15 24 00 00 EB B7 88 B2 00 00 00 00 15 88 85 B2 00 00 00 00 A9 04
17 00 3A 00 91 15 24 00 00 90 AC 88 B2 00 00 00 00 70 93 85 B2 00 00 00 00 AA 04
17 00 3A 00 91 15 24 00 00 30 A1 88 B2 00 00 00 00 D0 9E 85 B2 00 00 00 00 AB 04
17 00 3A 00 91 15 24 00 00 50 95 88 B2 00 00 00 00 B0 AA 85 B2 00 00 00 00 AC 04
17 00 3A 00 91 15 24 00 00 EE 89 88 B2 00 00 00 00 12 B6 85 B2 00 00 00 00 AD 04
17 00 3A 00 91 15 24 00 00 5A 7F 88 B2 00 00 00 00 A6 C0 85 B2 00 00 00 00 AE 04
17 00 3A 00 91 15 24 00 00 5B 74 88 B2 00 00 00 00 A5 CB 85 B2 00 00 00 00 AF 04
17 00 3A 00 91 15 24 00 00 38 68 88 B2 00 00 00 00 C8 D7 85 B2 00 00 00 00 B0 04
17 00 3A 00 91 15 24 00 00 12 5D 88 B2 00 00 00 00 EE E2 85 B2 00 00 00 00 B1 04
17 00 3A 00 91 15 24 00 00 28 B7 88 B2 00 00 00 00 D8 88 85 B2 00 00 00 00 B2 04
17 00 3A 00 91 15 24 00 00 B8 AB 88 B2 00 00 00 00 48 94 85 B2 00 00 00 00 B3 04
17 00 3A 00 91 15 24 00 00 4D A0 88 B2 00 00 00 00 B3 9F 85 B2 00 00 00 00 B4 04
17 00 3A 00 91 15 24 00 00 33 94 88 B2 00 00 00 00 CD AB 85 B2 00 00 00 00 B5 04
17 00 3A 00 91 15 24 00 00 28 8A 88 B2 00 00 00 00 D8 B5 85 B2 00 00 00 00 B6 04
17 00 3A 00 91 15 24 00 00 58 7E 88 B2 00 00 00 00 A8 C1 85 B2 00 00 00 00 B7 04
17 00 3A 00 91 15 24 00 00 20 73 88 B2 00 00 00 00 E0 CC 85 B2 00 00 00 00 B8 04
17 00 3A 00 91 15 24 00 00 54 67 88 B2 00 00 00 00 AC D8 85 B2 00 00 00 00 B9 04
17 00 3A 00 91 15 24 00 00 A0 5C 88 B2 00 00 00 00 60 E3 85 B2 00 00 00 00 BA 04
17 00 3A 00 91 15 24 00 00 C2 B6 88 B2 00 00 00 00 3E 89 85 B2 00 00 00 00 BB 04
17 00 3A 00 91 15 24 00 00 F3 AA 88 B2 00 00 00 00 0D 95 85 B2 00 00 00 00 BC 04
17 00 3A 00 91 15 24 00 00 CA 9F 88 B2 00 00 00 00 36 A0 85 B2 00 00 00 00 BD 04
17 00 3A 00 91 15 24 00 00 A7 94 88 B2 00 00 00 00 59 AB 85 B2 00 00 00 00 BE 04
17 00 3A 00 91 15 24 00 00 BB 88 88 B2 00 00 00 00 45 B7 85 B2 00 00 00 00 BF 04
17 00 3A 00 91 15 24 00 00 68 7D 88 B2 00 00 00 00 98 C2 85 B2 00 00 00 00 C0 04
17 00 3A 00 91 15 24 00 00 0E 72 88 B2 00 00 00 00 F2 CD 85 B2 00 00 00 00 C1 04
17 00 3A 00 91 15 24 00 00 53 67 88 B2 00 00 00 00 AD D8 85 B2 00 00 00 00 C2 04
17 00 3A 00 91 15 24 00 00 E1 5B 88 B2 00 00 00 00 1F E4 85 B2 00 00 00 00 C3 04
17 00 3A 00 91 15 24 00 00 BA B5 88 B2 00 00 00 00 46 8A 85 B2 00 00 00 00 C4 04
17 00 3A 00 91 15 24 00 00 F3 A9 88 B2 00 00 00 00 0D 96 85 B2 00 00 00 00 C5 04
17 00 3A 00 91 15 24 00 00 59 9E 88 B2 00 00 00 00 A7 A1 85 B2 00 00 00 00 C6 04
17 00 3A 00 91 15 24 00 00 93 92 88 B2 00 00 00 00 6D AD 85 B2 00 00 00 00 C7 04
17 00 3A 00 91 15 24 00 00 A5 87 88 B2 00 00 00 00 5B B8 85 B2 00 00 00 00 C8 04
17 00 3A 00 91 15 24 00 00 7D 7C 88 B2 00 00 00 00 83 C3 85 B2 00 00 00 00 C9 04
17 00 3A 00 91 15 24 00 00 7C 70 88 B2 00 00 00 00 84 CF 85 B2 00 00 00 00 CA 04
17 00 3A 00 91 15 24 00 00 07 65 88 B2 00 00 00 00 F9 DA 85 B2 00 00 00 00 CB 04
17 00 3A 00 91 15 24 00 00 CF 58 88 B2 00 00 00 00 31 E7 85 B2 00 00 00 00 CC 04
17 00 3A 00 91 15 24 00 00 21 B3 88 B2 00 00 00 00 DF 8C 85 B2 00 00 00 00 CD 04
17 00 3A 00 91 15 24 00 00 CB A7 88 B2 00 00 00 00 35 98 85 B2 00 00 00 00 CE 04
17 00 3A 00 91 15 24 00 00 21 9C 88 B2 00 00 00 00 DF A3 85 B2 00 00 00 00 CF 04
17 00 3A 00 91 15 24 00 00 E8 90 88 B2 00 00 00 00 18 AF 85 B2 00 00 00 00 D0 04
17 00 3A 00 91 15 24 00 00 17 85 88 B2 00 00 00 00 E9 BA 85 B2 00 00 00 00 D1 04
17 00 3A 00 91 15 24 00 00 E2 78 88 B2 00 00 00 00 1E C7 85 B2 00 00 00 00 D2 04
17 00 3A 00 91 15 24 00 00 9C 6D 88 B2 00 00 00 00 64 D2 85 B2 00 00 00 00 D3 04
17 00 3A 00 91 15 24 00 00 71 61 88 B2 00 00 00 00 8F DE 85 B2 00 00 00 00 D4 04
17 00 3A 00 91 15 24 00 00 9F 56 88 B2 00 00 00 00 61 E9 85 B2 00 00 00 00 D5 04
17 00 3A 00 91 15 24 00 00 34 B0 88 B2 00 00 00 00 CC 8F 85 B2 00 00 00 00 D6 04
17 00 3A 00 91 15 24 00 00 D2 A4 88 B2 00 00 00 00 2E 9B 85 B2 00 00 00 00 D7 04
17 00 3A 00 91 15 24 00 00 4E 98 88 B2 00 00 00 00 B2 A7 85 B2 00 00 00 00 D8 04
17 00 3A 00 91 15 24 00 00 2F 8D 88 B2 00 00 00 00 D1 B2 85 B2 00 00 00 00 D9 04
17 00 3A 00 91 15 24 00 00 23 81 88 B2 00 00 00 00 DD BE 85 B2 00 00 00 00 DA 04
17 00 3A 00 91 15 24 00 00 72 76 88 B2 00 00 00 00 8E C9 85 B2 00 00 00 00 DB 04
17 00 3A 00 91 15 24 00 00 09 6A 88 B2 00 00 00 00 F7 D5 85 B2 00 00 00 00 DC 04
17 00 3A 00 91 15 24 00 00 22 5E 88 B2 00 00 00 00 DE E1 85 B2 00 00 00 00 DD 04
17 00 3A 00 91 15 24 00 00 67 B8 88 B2 00 00 00 00 99 87 85 B2 00 00 00 00 DE 04
17 00 3A 00 91 15 24 00 00 FE AC 88 B2 00 00 00 00 02 93 85 B2 00 00 00 00 DF 04
17 00 3A 00 91 15 24 00 00 1B A1 88 B2 00 00 00 00 E5 9E 85 B2 00 00 00 00 E0 04
17 00 3A 00 91 15 24 00 00 9D 95 88 B2 00 00 00 00 63 AA 85 B2 00 00 00 00 E1 04
17 00 3A 00 91 15 24 00 00 EA 89 88 B2 00 00 00 00 16 B6 85 B2 00 00 00 00 E2 04
17 00 3A 00 91 15 24 00 00 8C 7E 88 B2 00 00 00 00 74 C1 85 B2 00 00 00 00 E3 04
17 00 3A 00 91 15 24 00 00 B3 72 88 B2 00 00 00 00 4D CD 85 B2 00 00 00 00 E4 04
17 00 3A 00 91 15 24 00 00 7C 66 88 B2 00 00 00 00 84 D9 85 B2 00 00 00 00 E5 04
17 00 3A 00 91 15 24 00 00 15 5B 88 B2 00 00 00 00 EB E4 85 B2 00 00 00 00 E6 04
17 00 3A 00 91 15 24 00 00 4F B5 88 B2 00 00 00 00 B1 8A 85 B2 00 00 00 00 E7 04
17 00 3A 00 91 15 24 00 00 4E A9 88 B2 00 00 00 00 B2 96 85 B2 00 00 00 00 E8 04
17 00 3A 00 91 15 24 00 00 54 9E 88 B2 00 00 00 00 AC A1 85 B2 00 00 00 00 E9 04
17 00 3A 00 91 15 24 00 00 3B 92 88 B2 00 00 00 00 C5 AD 85 B2 00 00 00 00 EA 04
17 00 3A 00 91 15 24 00 00 35 86 88 B2 00 00 00 00 CB B9 85 B2 00 00 00 00 EB 04
17 00 3A 00 91 15 24 00 00 4B 7A 88 B2 00 00 00 00 B5 C5 85 B2 00 00 00 00 EC 04
17 00 3A 00 91 15 24 00 00 1C 6F 88 B2 00 00 00 00 E4 D0 85 B2 00 00 00 00 ED 04
17 00 3A 00 91 15 24 00 00 14 63 88 B2 00 00 00 00 EC DC 85 B2 00 00 00 00 EE 04
17 00 3A 00 91 15 24 00 00 15 57 88 B2 00 00 00 00 EB E8 85 B2 00 00 00 00 EF 04
17 00 3A 00 91 15 24 00 00 23 B1 88 B2 00 00 00 00 DD 8E 85 B2 00 00 00 00 F0 04
17 00 3A 00 91 15 24 00 00 62 A5 88 B2 00 00 00 00 9E 9A 85 B2 00 00 00 00 F1 04
17 00 3A 00 91 15 24 00 00 CB 99 88 B2 00 00 00 00 35 A6 85 B2 00 00 00 00 F2 04
17 00 3A 00 91 15 24 00 00 46 8E 88 B2 00 00 00 00 BA B1 85 B2 00 00 00 00 F3 04
17 00 3A 00 91 15 24 00 00 E2 82 88 B2 00 00 00 00 1E BD 85 B2 00 00 00 00 F4 04
17 00 3A 00 91 15 24 00 00 23 77 88 B2 00 00 00 00 DD C8 85 B2 00 00 00 00 F5 04
17 00 3A 00 91 15 24 00 00 D0 6A 88 B2 00 00 00 00 30 D5 85 B2 00 00 00 00 F6 04
17 00 3A 00 91 15 24 00 00 60 5F 88 B2 00 00 00 00 A0 E0 85 B2 00 00 00 00 F7 04
17 00 3A 00 91 15 24 00 00 50 B9 88 B2 00 00 00 00 B0 86 85 B2 00 00 00 00 F8 04
17 00 3A 00 91 15 24 00 00 E6 AD 88 B2 00 00 00 00 1A 92 85 B2 00 00 00 00 F9 04
17 00 3A 00 91 15 24 00 00 4C A1 88 B2 00 00 00 00 B4 9E 85 B2 00 00 00 00 FA 04
17 00 3A 00 91 15 24 00 00 0D 96 88 B2 00 00 00 00 F3 A9 85 B2 00 00 00 00 FB 04
17 00 3A 00 91 15 24 00 00 F5 8A 88 B2 00 00 00 00 0B B5 85 B2 00 00 00 00 FC 04
17 00 3A 00 91 15 24 00 00 68 7E 88 B2 00 00 00 00 98 C1 85 B2 00 00 00 00 FD 04
17 00 3A 00 91 15 24 00 00 3F 73 88 B2 00 00 00 00 C1 CC 85 B2 00 00 00 00 FE 04
17 00 3A 00 91 15 24 00 00 18 67 88 B2 00 00 00 00 E8 D8 85 B2 00 00 00 00 FF 04
17 00 3A 00 91 15 24 00 00 E4 5B 88 B2 00 00 00 00 1C E4 85 B2 00 00 00 00 00 05
17 00 3A 00 91 15 24 00 00 D4 B5 88 B2 00 00 00 00 2C 8A 85 B2 00 00 00 00 01 05
17 00 3A 00 91 15 24 00 00 0B AA 88 B2 00 00 00 00 F5 95 85 B2 00 00 00 00 02 05
17 00 3A 00 91 15 24 00 00 C8 9E 88 B2 00 00 00 00 38 A1 85 B2 00 00 00 00 03 05
17 00 3A 00 91 15 24 00 00 FD 91 88 B2 00 00 00 00 03 AE 85 B2 00 00 00 00 04 05
17 00 3A 00 91 15 24 00 00 08 87 88 B2 00 00 00 00 F8 B8 85 B2 00 00 00 00 05 05
17 00 3A 00 91 15 24 00 00 3E 7B 88 B2 00 00 00 00 C2 C4 85 B2 00 00 00 00 06 05
17 00 3A 00 91 15 24 00 00 61 6F 88 B2 00 00 00 00 9F D0 85 B2 00 00 00 00 07 05
17 00 3A 00 91 15 24 00 00 F9 63 88 B2 00 00 00 00 07 DC 85 B2 00 00 00 00 08 05
17 00 3A 00 91 15 24 00 00 9F 58 88 B2 00 00 00 00 61 E7 85 B2 00 00 00 00 09 05
17 00 3A 00 91 15 24 00 00 70 B2 88 B2 00 00 00 00 90 8D 85 B2 00 00 00 00 0A 05
17 00 3A 00 91 15 24 00 00 3D A6 88 B2 00 00 00 00 C3 99 85 B2 00 00 00 00 0B 05
17 00 3A 00 91 15 24 00 00 9B 9A 88 B2 00 00 00 00 65 A5 85 B2 00 00 00 00 0C 05
17 00 3A 00 91 15 24 00 00 6F 8E 88 B2 00 00 00 00 91 B1 85 B2 00 00 00 00 0D 05
17 00 3A 00 91 15 24 00 00 59 83 88 B2 00 00 00 00 A7 BC 85 B2 00 00 00 00 0E 05
17 00 3A 00 91 15 24 00 00 70 77 88 B2 00 00 00 00 90 C8 85 B2 00 00 00 00 0F 05
17 00 3A 00 91 15 24 00 00 1A 6C 88 B2 00 00 00 00 E6 D3 85 B2 00 00 00 00 10 05
17 00 3A 00 91 15 24 00 00 22 60 88 B2 00 00 00 00 DE DF 85 B2 00 00 00 00 11 05
17 00 3A 00 91 15 24 00 00 7E BA 88 B2 00 00 00 00 82 85 85 B2 00 00 00 00 12 05
17 00 3A 00 91 15 24 00 00 43 AE 88 B2 00 00 00 00 BD 91 85 B2 00 00 00 00 13 05
17 00 3A 00 91 15 24 00 00 DB A2 88 B2 00 00 00 00 25 9D 85 B2 00 00 00 00 14 05
17 00 3A 00 91 15 24 00 00 13 97 88 B2 00 00 00 00 ED A8 85 B2 00 00 00 00 15 05
17 00 3A 00 91 15 24 00 00 73 8B 88 B2 00 00 00 00 8D B4 85 B2 00 00 00 00 16 05
17 00 3A 00 91 15 24 00 00 99 7F 88 B2 00 00 00 00 67 C0 85 B2 00 00 00 00 17 05
17 00 3A 00 91 15 24 00 00 06 74 88 B2 00 00 00 00 FA CB 85 B2 00 00 00 00 18 05
17 00 3A 00 91 15 24 00 00 70 68 88 B2 00 00 00 00 90 D7 85 B2 00 00 00 00 19 05
17 00 3A 00 91 15 24 00 00 80 5C 88 B2 00 00 00 00 80 E3 85 B2 00 00 00 00 1A 05
17 00 3A 00 91 15 24 00 00 8F B6 88 B2 00 00 00 00 71 89 85 B2 00 00 00 00 1B 05
17 00 3A 00 91 15 24 00 00 82 AA 88 B2 00 00 00 00 7E 95 85 B2 00 00 00 00 1C 05
17 00 3A 00 91 15 24 00 00 79 9E 88 B2 00 00 00 00 87 A1 85 B2 00 00 00 00 1D 05
17 00 3A 00 91 15 24 00 00 68 92 88 B2 00 00 00 00 98 AD 85 B2 00 00 00 00 1E 05
17 00 3A 00 91 15 24 00 00 62 87 88 B2 00 00 00 00 9E B8 85 B2 00 00 00 00 1F 05
17 00 3A 00 91 15 24 00 00 D4 7A 88 B2 00 00 00 00 2C C5 85 B2 00 00 00 00 20 05
17 00 3A 00 91 15 24 00 00 79 6F 88 B2 00 00 00 00 87 D0 85 B2 00 00 00 00 21 05
17 00 3A 00 91 15 24 00 00 68 63 88 B2 00 00 00 00 98 DC 85 B2 00 00 00 00 22 05
17 00 3A 00 91 15 24 00 00 A7 57 88 B2 00 00 00 00 59 E8 85 B2 00 00 00 00 23 05
17 00 3A 00 91 15 24 00 00 B6 B1 88 B2 00 00 00 00 4A 8E 85 B2 00 00 00 00 24 05
17 00 3A 00 91 15 24 00 00 0D A6 88 B2 00 00 00 00 F3 99 85 B2 00 00 00 00 25 05
17 00 3A 00 91 15 24 00 00 DF 99 88 B2 00 00 00 00 21 A6 85 B2 00 00 00 00 26 05
17 00 3A 00 91 15 24 00 00 1E 8E 88 B2 00 00 00 00 E2 B1 85 B2 00 00 00 00 27 05
17 00 3A 00 91 15 24 00 00 6F 82 88 B2 00 00 00 00 91 BD 85 B2 00 00 00 00 28 05
17 00 3A 00 91 15 24 00 00 31 76 88 B2 00 00 00 00 CF C9 85 B2 00 00 00 00 29 05
17 00 3A 00 91 15 24 00 00 AA 6A 88 B2 00 00 00 00 56 D5 85 B2 00 00 00 00 2A 05
17 00 3A 00 91 15 24 00 00 4B 5E 88 B2 00 00 00 00 B5 E1 85 B2 00 00 00 00 2B 05
17 00 3A 00 91 15 24 00 00 BA B8 88 B2 00 00 00 00 46 87 85 B2 00 00 00 00 2C 05
17 00 3A 00 91 15 24 00 00 67 AC 88 B2 00 00 00 00 99 93 85 B2 00 00 00 00 2D 05
17 00 3A 00 91 15 24 00 00 0C A1 88 B2 00 00 00 00 F4 9E 85 B2 00 00 00 00 2E 05
17 00 3A 00 91 15 24 00 00 BD 94 88 B2 00 00 00 00 43 AB 85 B2 00 00 00 00 2F 05
17 00 3A 00 91 15 24 00 00 4B 89 88 B2 00 00 00 00 B5 B6 85 B2 00 00 00 00 30 05
17 00 3A 00 91 15 24 00 00 9F 7C 88 B2 00 00 00 00 61 C3 85 B2 00 00 00 00 31 05
17 00 3A 00 91 15 24 00 00 57 71 88 B2 00 00 00 00 A9 CE 85 B2 00 00 00 00 32 05
17 00 3A 00 91 15 24 00 00 09 66 88 B2 00 00 00 00 F7 D9 85 B2 00 00 00 00 33 05
17 00 3A 00 91 15 24 00 00 21 59 88 B2 00 00 00 00 DF E6 85 B2 00 00 00 00 34 05
17 00 3A 00 91 15 24 00 00 D0 B3 88 B2 00 00 00 00 30 8C 85 B2 00 00 00 00 35 05
17 00 3A 00 91 15 24 00 00 98 A7 88 B2 00 00 00 00 68 98 85 B2 00 00 00 00 36 05
17 00 3A 00 91 15 24 00 00 53 9B 88 B2 00 00 00 00 AD A4 85 B2 00 00 00 00 37 05
17 00 3A 00 91 15 24 00 00 9B 8F 88 B2 00 00 00 00 65 B0 85 B2 00 00 00 00 38 05
17 00 3A 00 91 15 24 00 00 97 83 88 B2 00 00 00 00 69 BC 85 B2 00 00 00 00 39 05
17 00 3A 00 91 15 24 00 00 99 77 88 B2 00 00 00 00 67 C8 85 B2 00 00 00 00 3A 05
17 00 3A 00 91 15 24 00 00 51 6C 88 B2 00 00 00 00 AF D3 85 B2 00 00 00 00 3B 05
17 00 3A 00 91 15 24 00 00 5E 5F 88 B2 00 00 00 00 A2 E0 85 B2 00 00 00 00 3C 05
17 00 3A 00 91 15 24 00 00 4B BA 88 B2 00 00 00 00 B5 85 85 B2 00 00 00 00 3D 05
17 00 3A 00 91 15 24 00 00 41 AE 88 B2 00 00 00 00 BF 91 85 B2 00 00 00 00 3E 05
17 00 3A 00 91 15 24 00 00 BA A2 88 B2 00 00 00 00 46 9D 85 B2 00 00 00 00 3F 05
17 00 3A 00 91 15 24 00 00 7D 96 88 B2 00 00 00 00 83 A9 85 B2 00 00 00 00 40 05
17 00 3A 00 91 15 24 00 00 3E 8A 88 B2 00 00 00 00 C2 B5 85 B2 00 00 00 00 41 05
17 00 3A 00 91 15 24 00 00 FA 7E 88 B2 00 00 00 00 06 C1 85 B2 00 00 00 00 42 05
17 00 3A 00 91 15 24 00 00 9B 73 88 B2 00 00 00 00 65 CC 85 B2 00 00 00 00 43 05
17 00 3A 00 91 15 24 00 00 29 67 88 B2 00 00 00 00 D7 D8 85 B2 00 00 00 00 44 05
17 00 3A 00 91 15 24 00 00 BA 5B 88 B2 00 00 00 00 46 E4 85 B2 00 00 00 00 45 05
17 00 3A 00 91 15 24 00 00 4C B4 88 B2 00 00 00 00 B4 8B 85 B2 00 00 00 00 46 05
17 00 3A 00 91 15 24 00 00 B5 A8 88 B2 00 00 00 00 4B 97 85 B2 00 00 00 00 47 05
17 00 3A 00 91 15 24 00 00 E8 9C 88 B2 00 00 00 00 18 A3 85 B2 00 00 00 00 48 05
17 00 3A 00 91 15 24 00 00 9E 90 88 B2 00 00 00 00 62 AF 85 B2 00 00 00 00 49 05
17 00 3A 00 91 15 24 00 00 5F 85 88 B2 00 00 00 00 A1 BA 85 B2 00 00 00 00 4A 05
17 00 3A 00 91 15 24 00 00 6A 79 88 B2 00 00 00 00 96 C6 85 B2 00 00 00 00 4B 05
17 00 3A 00 91 15 24 00 00 51 6E 88 B2 00 00 00 00 AF D1 85 B2 00 00 00 00 4C 05
17 00 3A 00 91 15 24 00 00 B4 62 88 B2 00 00 00 00 4C DD 85 B2 00 00 00 00 4D 05
17 00 3A 00 91 15 24 00 00 CD 55 88 B2 00 00 00 00 33 EA 85 B2 00 00 00 00 4E 05
17 00 3A 00 91 15 24 00 00 ED B0 88 B2 00 00 00 00 13 8F 85 B2 00 00 00 00 4F 05
17 00 3A 00 91 15 24 00 00 CB A4 88 B2 00 00 00 00 35 9B 85 B2 00 00 00 00 50 05
17 00 3A 00 91 15 24 00 00 41 99 88 B2 00 00 00 00 BF A6 85 B2 00 00 00 00 51 05
17 00 3A 00 91 15 24 00 00 0D 8E 88 B2 00 00 00 00 F3 B1 85 B2 00 00 00 00 52 05
17 00 3A 00 91 15 24 00 00 33 83 88 B2 00 00 00 00 CD BC 85 B2 00 00 00 00 53 05
17 00 3A 00 91 15 24 00 00 73 77 88 B2 00 00 00 00 8D C8 85 B2 00 00 00 00 54 05
17 00 3A 00 91 15 24 00 00 9A 6B 88 B2 00 00 00 00 66 D4 85 B2 00 00 00 00 55 05
17 00 3A 00 91 15 24 00 00 A3 60 88 B2 00 00 00 00 5D DF 85 B2 00 00 00 00 56 05
17 00 3A 00 91 15 24 00 00 32 55 88 B2 00 00 00 00 CE EA 85 B2 00 00 00 00 57 05
17 00 3A 00 91 15 24 00 00 8C B0 88 B2 00 00 00 00 74 8F 85 B2 00 00 00 00 58 05
17 00 3A 00 91 15 24 00 00 6E A5 88 B2 00 00 00 00 92 9A 85 B2 00 00 00 00 59 05
17 00 3A 00 91 15 24 00 00 60 9A 88 B2 00 00 00 00 A0 A5 85 B2 00 00 00 00 5A 05
17 00 3A 00 91 15 24 00 00 E9 8E 88 B2 00 00 00 00 17 B1 85 B2 00 00 00 00 5B 05
17 00 3A 00 91 15 24 00 00 62 84 88 B2 00 00 00 00 9E BB 85 B2 00 00 00 00 5C 05
17 00 3A 00 91 15 24 00 00 CA 78 88 B2 00 00 00 00 36 C7 85 B2 00 00 00 00 5D 05
17 00 3A 00 91 15 24 00 00 8C 6D 88 B2 00 00 00 00 74 D2 85 B2 00 00 00 00 5E 05
17 00 3A 00 91 15 24 00 00 F2 62 88 B2 00 00 00 00 0E DD 85 B2 00 00 00 00 5F 05
17 00 3A 00 91 15 24 00 00 97 57 88 B2 00 00 00 00 69 E8 85 B2 00 00 00 00 60 05
17 00 3A 00 91 15 24 00 00 FA B1 88 B2 00 00 00 00 06 8E 85 B2 00 00 00 00 61 05
17 00 3A 00 91 15 24 00 00 18 A7 88 B2 00 00 00 00 E8 98 85 B2 00 00 00 00 62 05
17 00 3A 00 91 15 24 00 00 83 9C 88 B2 00 00 00 00 7D A3 85 B2 00 00 00 00 63 05
17 00 3A 00 91 15 24 00 00 50 90 88 B2 00 00 00 00 B0 AF 85 B2 00 00 00 00 64 05
17 00 3A 00 91 15 24 00 00 51 84 88 B2 00 00 00 00 AF BB 85 B2 00 00 00 00 65 05
17 00 3A 00 91 15 24 00 00 2B 7A 88 B2 00 00 00 00 D5 C5 85 B2 00 00 00 00 66 05
17 00 3A 00 91 15 24 00 00 BF 6E 88 B2 00 00 00 00 41 D1 85 B2 00 00 00 00 67 05
17 00 3A 00 91 15 24 00 00 4D 63 88 B2 00 00 00 00 B3 DC 85 B2 00 00 00 00 68 05
17 00 3A 00 91 15 24 00 00 E9 57 88 B2 00 00 00 00 17 E8 85 B2 00 00 00 00 69 05
17 00 3A 00 91 15 24 00 00 CA B2 88 B2 00 00 00 00 36 8D 85 B2 00 00 00 00 6A 05
17 00 3A 00 91 15 24 00 00 92 A6 88 B2 00 00 00 00 6E 99 85 B2 00 00 00 00 6B 05
17 00 3A 00 91 15 24 00 00 70 9B 88 B2 00 00 00 00 90 A4 85 B2 00 00 00 00 6C 05
17 00 3A 00 91 15 24 00 00 8E 90 88 B2 00 00 00 00 72 AF 85 B2 00 00 00 00 6D 05
17 00 3A 00 91 15 24 00 00 CE 84 88 B2 00 00 00 00 32 BB 85 B2 00 00 00 00 6E 05
17 00 3A 00 91 15 24 00 00 A1 79 88 B2 00 00 00 00 5F C6 85 B2 00 00 00 00 6F 05
17 00 3A 00 91 15 24 00 00 0D 6E 88 B2 00 00 00 00 F3 D1 85 B2 00 00 00 00 70 05
17 00 3A 00 91 15 24 00 00 00 63 88 B2 00 00 00 00 00 DD 85 B2 00 00 00 00 71 05
17 00 3A 00 91 15 24 00 00 08 57 88 B2 00 00 00 00 F8 E8 85 B2 00 00 00 00 72 05
17 00 3A 00 91 15 24 00 00 D1 B1 88 B2 00 00 00 00 2F 8E 85 B2 00 00 00 00 73 05
17 00 3A 00 91 15 24 00 00 EA A5 88 B2 00 00 00 00 16 9A 85 B2 00 00 00 00 74 05
17 00 3A 00 91 15 24 00 00 09 9A 88 B2 00 00 00 00 F7 A5 85 B2 00 00 00 00 75 05
17 00 3A 00 91 15 24 00 00 61 8F 88 B2 00 00 00 00 9F B0 85 B2 00 00 00 00 76 05
17 00 3A 00 91 15 24 00 00 90 83 88 B2 00 00 00 00 70 BC 85 B2 00 00 00 00 77 05
17 00 3A 00 91 15 24 00 00 B8 77 88 B2 00 00 00 00 48 C8 85 B2 00 00 00 00 78 05
17 00 3A 00 91 15 24 00 00 FE 6C 88 B2 00 00 00 00 02 D3 85 B2 00 00 00 00 79 05
17 00 3A 00 91 15 24 00 00 06 61 88 B2 00 00 00 00 FA DE 85 B2 00 00 00 00 7A 05
17 00 3A 00 91 15 24 00 00 BB 54 88 B2 00 00 00 00 45 EB 85 B2 00 00 00 00 7B 05
17 00 3A 00 91 15 24 00 00 9E AF 88 B2 00 00 00 00 62 90 85 B2 00 00 00 00 7C 05
17 00 3A 00 91 15 24 00 00 95 A3 88 B2 00 00 00 00 6B 9C 85 B2 00 00 00 00 7D 05
17 00 3A 00 91 15 24 00 00 AB 97 88 B2 00 00 00 00 55 A8 85 B2 00 00 00 00 7E 05
17 00 3A 00 91 15 24 00 00 19 8C 88 B2 00 00 00 00 E7 B3 85 B2 00 00 00 00 7F 05
17 00 3A 00 91 15 24 00 00 04 81 88 B2 00 00 00 00 FC BE 85 B2 00 00 00 00 80 05
17 00 3A 00 91 15 24 00 00 95 75 88 B2 00 00 00 00 6B CA 85 B2 00 00 00 00 81 05
17 00 3A 00 91 15 24 00 00 28 69 88 B2 00 00 00 00 D8 D6 85 B2 00 00 00 00 82 05
17 00 3A 00 91 15 24 00 00 3A 5E 88 B2 00 00 00 00 C6 E1 85 B2 00 00 00 00 83 05
17 00 3A 00 91 15 24 00 00 F5 B7 88 B2 00 00 00 00 0B 88 85 B2 00 00 00 00 84 05
17 00 3A 00 91 15 24 00 00 A8 AC 88 B2 00 00 00 00 58 93 85 B2 00 00 00 00 85 05
17 00 3A 00 91 15 24 00 00 8C A0 88 B2 00 00 00 00 74 9F 85 B2 00 00 00 00 86 05
17 00 3A 00 91 15 24 00 00 E5 94 88 B2 00 00 00 00 1B AB 85 B2 00 00 00 00 87 05
17 00 3A 00 91 15 24 00 00 94 89 88 B2 00 00 00 00 6C B6 85 B2 00 00 00 00 88 05
17 00 3A 00 91 15 24 00 00 0C 7E 88 B2 00 00 00 00 F4 C1 85 B2 00 00 00 00 89 05
17 00 3A 00 91 15 24 00 00 22 72 88 B2 00 00 00 00 DE CD 85 B2 00 00 00 00 8A 05
17 00 3A 00 91 15 24 00 00 A0 67 88 B2 00 00 00 00 60 D8 85 B2 00 00 00 00 8B 05
17 00 3A 00 91 15 24 00 00 6A 5B 88 B2 00 00 00 00 96 E4 85 B2 00 00 00 00 8C 05
17 00 3A 00 91 15 24 00 00 1B B6 88 B2 00 00 00 00 E5 89 85 B2 00 00 00 00 8D 05
17 00 3A 00 91 15 24 00 00 E5 A9 88 B2 00 00 00 00 1B 96 85 B2 00 00 00 00 8E 05
17 00 3A 00 91 15 24 00 00 CA 9D 88 B2 00 00 00 00 36 A2 85 B2 00 00 00 00 8F 05
17 00 3A 00 91 15 24 00 00 AA 92 88 B2 00 00 00 00 56 AD 85 B2 00 00 00 00 90 05
17 00 3A 00 91 15 24 00 00 09 87 88 B2 00 00 00 00 F7 B8 85 B2 00 00 00 00 91 05
17 00 3A 00 91 15 24 00 00 ED 7A 88 B2 00 00 00 00 13 C5 85 B2 00 00 00 00 92 05
17 00 3A 00 91 15 24 00 00 F0 6F 88 B2 00 00 00 00 10 D0 85 B2 00 00 00 00 93 05
17 00 3A 00 91 15 24 00 00 B6 64 88 B2 00 00 00 00 4A DB 85 B2 00 00 00 00 94 05
17 00 3A 00 91 15 24 00 00 87 58 88 B2 00 00 00 00 79 E7 85 B2 00 00 00 00 95 05
17 00 3A 00 91 15 24 00 00 1A B2 88 B2 00 00 00 00 E6 8D 85 B2 00 00 00 00 96 05
17 00 3A 00 91 15 24 00 00 AA A7 88 B2 00 00 00 00 56 98 85 B2 00 00 00 00 97 05
17 00 3A 00 91 15 24 00 00 E8 9B 88 B2 00 00 00 00 18 A4 85 B2 00 00 00 00 98 05
17 00 3A 00 91 15 24 00 00 4D 90 88 B2 00 00 00 00 B3 AF 85 B2 00 00 00 00 99 05
17 00 3A 00 91 15 24 00 00 18 85 88 B2 00 00 00 00 E8 BA 85 B2 00 00 00 00 9A 05
17 00 3A 00 91 15 24 00 00 6A 79 88 B2 00 00 00 00 96 C6 85 B2 00 00 00 00 9B 05
17 00 3A 00 91 15 24 00 00 B2 6D 88 B2 00 00 00 00 4E D2 85 B2 00 00 00 00 9C 05
17 00 3A 00 91 15 24 00 00 7F 62 88 B2 00 00 00 00 81 DD 85 B2 00 00 00 00 9D 05
17 00 3A 00 91 15 24 00 00 3A 56 88 B2 00 00 00 00 C6 E9 85 B2 00 00 00 00 9E 05
17 00 3A 00 91 15 24 00 00 F8 B0 88 B2 00 00 00 00 08 8F 85 B2 00 00 00 00 9F 05
17 00 3A 00 91 15 24 00 00 5D A5 88 B2 00 00 00 00 A3 9A 85 B2 00 00 00 00 A0 05
17 00 3A 00 91 15 24 00 00 28 99 88 B2 00 00 00 00 D8 A6 85 B2 00 00 00 00 A1 05
17 00 3A 00 91 15 24 00 00 5E 8E 88 B2 00 00 00 00 A2 B1 85 B2 00 00 00 00 A2 05
17 00 3A 00 91 15 24 00 00 E8 82 88 B2 00 00 00 00 18 BD 85 B2 00 00 00 00 A3 05
17 00 3A 00 91 15 24 00 00 B8 76 88 B2 00 00 00 00 48 C9 85 B2 00 00 00 00 A4 05
17 00 3A 00 91 15 24 00 00 4E 6B 88 B2 00 00 00 00 B2 D4 85 B2 00 00 00 00 A5 05
17 00 3A 00 91 15 24 00 00 4A 5F 88 B2 00 00 00 00 B6 E0 85 B2 00 00 00 00 A6 05
17 00 3A 00 91 15 24 00 00 F3 B8 88 B2 00 00 00 00 0D 87 85 B2 00 00 00 00 A7 05
17 00 3A 00 91 15 24 00 00 BD AD 88 B2 00 00 00 00 43 92 85 B2 00 00 00 00 A8 05
17 00 3A 00 91 15 24 00 00 E7 A1 88 B2 00 00 00 00 19 9E 85 B2 00 00 00 00 A9 05
17 00 3A 00 91 15 24 00 00 2D 96 88 B2 00 00 00 00 D3 A9 85 B2 00 00 00 00 AA 05
17 00 3A 00 91 15 24 00 00 44 8B 88 B2 00 00 00 00 BC B4 85 B2 00 00 00 00 AB 05
17 00 3A 00 91 15 24 00 00 43 7F 88 B2 00 00 00 00 BD C0 85 B2 00 00 00 00 AC 05
17 00 3A 00 91 15 24 00 00 96 73 88 B2 00 00 00 00 6A CC 85 B2 00 00 00 00 AD 05
17 00 3A 00 91 15 24 00 00 8F 67 88 B2 00 00 00 00 71 D8 85 B2 00 00 00 00 AE 05
17 00 3A 00 91 15 24 00 00 EF 5C 88 B2 00 00 00 00 11 E3 85 B2 00 00 00 00 AF 05
17 00 3A 00 91 15 24 00 00 75 B6 88 B2 00 00 00 00 8B 89 85 B2 00 00 00 00 B0 05
17 00 3A 00 91 15 24 00 00 3C AB 88 B2 00 00 00 00 C4 94 85 B2 00 00 00 00 B1 05
17 00 3A 00 91 15 24 00 00 04 9F 88 B2 00 00 00 00 FC A0 85 B2 00 00 00 00 B2 05
17 00 3A 00 91 15 24 00 00 EE 93 88 B2 00 00 00 00 12 AC 85 B2 00 00 00 00 B3 05
17 00 3A 00 91 15 24 00 00 FF 87 88 B2 00 00 00 00 01 B8 85 B2 00 00 00 00 B4 05
17 00 3A 00 91 15 24 00 00 6A 7C 88 B2 00 00 00 00 96 C3 85 B2 00 00 00 00 B5 05
17 00 3A 00 91 15 24 00 00 EA 70 88 B2 00 00 00 00 16 CF 85 B2 00 00 00 00 B6 05
17 00 3A 00 91 15 24 00 00 95 65 88 B2 00 00 00 00 6B DA 85 B2 00 00 00 00 B7 05
17 00 3A 00 91 15 24 00 00 52 5A 88 B2 00 00 00 00 AE E5 85 B2 00 00 00 00 B8 05
17 00 3A 00 91 15 24 00 00 6F B4 88 B2 00 00 00 00 91 8B 85 B2 00 00 00 00 B9 05
17 00 3A 00 91 15 24 00 00 F7 A8 88 B2 00 00 00 00 09 97 85 B2 00 00 00 00 BA 05
17 00 3A 00 91 15 24 00 00 9C 9D 88 B2 00 00 00 00 64 A2 85 B2 00 00 00 00 BB 05
17 00 3A 00 91 15 24 00 00 9A 91 88 B2 00 00 00 00 66 AE 85 B2 00 00 00 00 BC 05
17 00 3A 00 91 15 24 00 00 63 86 88 B2 00 00 00 00 9D B9 85 B2 00 00 00 00 BD 05
17 00 3A 00 91 15 24 00 00 25 7A 88 B2 00 00 00 00 DB C5 85 B2 00 00 00 00 BE 05
17 00 3A 00 91 15 24 00 00 52 6F 88 B2 00 00 00 00 AE D0 85 B2 00 00 00 00 BF 05
17 00 3A 00 91 15 24 00 00 F5 63 88 B2 00 00 00 00 0B DC 85 B2 00 00 00 00 C0 05
17 00 3A 00 91 15 24 00 00 A4 58 88 B2 00 00 00 00 5C E7 85 B2 00 00 00 00 C1 05
17 00 3A 00 91 15 24 00 00 42 B2 88 B2 00 00 00 00 BE 8D 85 B2 00 00 00 00 C2 05
17 00 3A 00 91 15 24 00 00 E4 A6 88 B2 00 00 00 00 1C 99 85 B2 00 00 00 00 C3 05
17 00 3A 00 91 15 24 00 00 A0 9B 88 B2 00 00 00 00 60 A4 85 B2 00 00 00 00 C4 05
17 00 3A 00 91 15 24 00 00 65 8F 88 B2 00 00 00 00 9B B0 85 B2 00 00 00 00 C5 05
17 00 3A 00 91 15 24 00 00 B3 83 88 B2 00 00 00 00 4D BC 85 B2 00 00 00 00 C6 05
17 00 3A 00 91 15 24 00 00 92 78 88 B2 00 00 00 00 6E C7 85 B2 00 00 00 00 C7 05
17 00 3A 00 91 15 24 00 00 36 6D 88 B2 00 00 00 00 CA D2 85 B2 00 00 00 00 C8 05
17 00 3A 00 91 15 24 00 00 8B 61 88 B2 00 00 00 00 75 DE 85 B2 00 00 00 00 C9 05
17 00 3A 00 91 15 24 00 00 FB 55 88 B2 00 00 00 00 05 EA 85 B2 00 00 00 00 CA 05
17 00 3A 00 91 15 24 00 00 85 B0 88 B2 00 00 00 00 7B 8F 85 B2 00 00 00 00 CB 05
17 00 3A 00 91 15 24 00 00 2D A4 88 B2 00 00 00 00 D3 9B 85 B2 00 00 00 00 CC 05
17 00 3A 00 91 15 24 00 00 BA 98 88 B2 00 00 00 00 46 A7 85 B2 00 00 00 00 CD 05
17 00 3A 00 91 15 24 00 00 DC 8C 88 B2 00 00 00 00 24 B3 85 B2 00 00 00 00 CE 05
17 00 3A 00 91 15 24 00 00 A0 81 88 B2 00 00 00 00 60 BE 85 B2 00 00 00 00 CF 05
17 00 3A 00 91 15 24 00 00 7D 75 88 B2 00 00 00 00 83 CA 85 B2 00 00 00 00 D0 05
17 00 3A 00 91 15 24 00 00 DC 69 88 B2 00 00 00 00 24 D6 85 B2 00 00 00 00 D1 05
17 00 3A 00 91 15 24 00 00 92 5E 88 B2 00 00 00 00 6E E1 85 B2 00 00 00 00 D2 05
17 00 3A 00 91 15 24 00 00 6A B9 88 B2 00 00 00 00 96 86 85 B2 00 00 00 00 D3 05
17 00 3A 00 91 15 24 00 00 E2 AC 88 B2 00 00 00 00 1E 93 85 B2 00 00 00 00 D4 05
17 00 3A 00 91 15 24 00 00 2A A1 88 B2 00 00 00 00 D6 9E 85 B2 00 00 00 00 D5 05
17 00 3A 00 91 15 24 00 00 51 95 88 B2 00 00 00 00 AF AA 85 B2 00 00 00 00 D6 05
17 00 3A 00 91 15 24 00 00 3F 8A 88 B2 00 00 00 00 C1 B5 85 B2 00 00 00 00 D7 05
17 00 3A 00 91 15 24 00 00 06 7E 88 B2 00 00 00 00 FA C1 85 B2 00 00 00 00 D8 05
17 00 3A 00 91 15 24 00 00 1A 72 88 B2 00 00 00 00 E6 CD 85 B2 00 00 00 00 D9 05
17 00 3A 00 91 15 24 00 00 52 66 88 B2 00 00 00 00 AE D9 85 B2 00 00 00 00 DA 05
17 00 3A 00 91 15 24 00 00 9D 5A 88 B2 00 00 00 00 63 E5 85 B2 00 00 00 00 DB 05
17 00 3A 00 91 15 24 00 00 E8 B3 88 B2 00 00 00 00 18 8C 85 B2 00 00 00 00 DC 05
17 00 3A 00 91 15 24 00 00 D5 A8 88 B2 00 00 00 00 2B 97 85 B2 00 00 00 00 DD 05
17 00 3A 00 91 15 24 00 00 B4 9C 88 B2 00 00 00 00 4C A3 85 B2 00 00 00 00 DE 05
17 00 3A 00 91 15 24 00 00 6E 91 88 B2 00 00 00 00 92 AE 85 B2 00 00 00 00 DF 05
17 00 3A 00 91 15 24 00 00 E6 84 88 B2 00 00 00 00 1A BB 85 B2 00 00 00 00 E0 05
17 00 3A 00 91 15 24 00 00 DA 79 88 B2 00 00 00 00 26 C6 85 B2 00 00 00 00 E1 05
17 00 3A 00 91 15 24 00 00 32 6E 88 B2 00 00 00 00 CE D1 85 B2 00 00 00 00 E2 05
17 00 3A 00 91 15 24 00 00 CD 61 88 B2 00 00 00 00 33 DE 85 B2 00 00 00 00 E3 05
17 00 3A 00 91 15 24 00 00 F0 54 88 B2 00 00 00 00 10 EB 85 B2 00 00 00 00 E4 05
17 00 3A 00 91 15 24 00 00 A9 B0 88 B2 00 00 00 00 57 8F 85 B2 00 00 00 00 E5 05
17 00 3A 00 91 15 24 00 00 60 A4 88 B2 00 00 00 00 A0 9B 85 B2 00 00 00 00 E6 05
17 00 3A 00 91 15 24 00 00 B4 98 88 B2 00 00 00 00 4C A7 85 B2 00 00 00 00 E7 05
17 00 3A 00 91 15 24 00 00 D2 8C 88 B2 00 00 00 00 2E B3 85 B2 00 00 00 00 E8 05
17 00 3A 00 91 15 24 00 00 23 81 88 B2 00 00 00 00 DD BE 85 B2 00 00 00 00 E9 05
17 00 3A 00 91 15 24 00 00 51 75 88 B2 00 00 00 00 AF CA 85 B2 00 00 00 00 EA 05
17 00 3A 00 91 15 24 00 00 D4 69 88 B2 00 00 00 00 2C D6 85 B2 00 00 00 00 EB 05
17 00 3A 00 91 15 24 00 00 9A 5D 88 B2 00 00 00 00 66 E2 85 B2 00 00 00 00 EC 05
17 00 3A 00 91 15 24 00 00 71 B7 88 B2 00 00 00 00 8F 88 85 B2 00 00 00 00 ED 05
17 00 3A 00 91 15 24 00 00 F4 AA 88 B2 00 00 00 00 0C 95 85 B2 00 00 00 00 EE 05
17 00 3A 00 91 15 24 00 00 42 9F 88 B2 00 00 00 00 BE A0 85 B2 00 00 00 00 EF 05
17 00 3A 00 91 15 24 00 00 B6 93 88 B2 00 00 00 00 4A AC 85 B2 00 00 00 00 F0 05
17 00 3A 00 91 15 24 00 00 1B 88 88 B2 00 00 00 00 E5 B7 85 B2 00 00 00 00 F1 05
17 00 3A 00 91 15 24 00 00 A5 7B 88 B2 00 00 00 00 5B C4 85 B2 00 00 00 00 F2 05
17 00 3A 00 91 15 24 00 00 3F 70 88 B2 00 00 00 00 C1 CF 85 B2 00 00 00 00 F3 05
17 00 3A 00 91 15 24 00 00 2A 64 88 B2 00 00 00 00 D6 DB 85 B2 00 00 00 00 F4 05
17 00 3A 00 91 15 24 00 00 86 58 88 B2 00 00 00 00 7A E7 85 B2 00 00 00 00 F5 05
17 00 3A 00 91 15 24 00 00 67 B2 88 B2 00 00 00 00 99 8D 85 B2 00 00 00 00 F6 05
17 00 3A 00 91 15 24 00 00 66 A6 88 B2 00 00 00 00 9A 99 85 B2 00 00 00 00 F7 05
17 00 3A 00 91 15 24 00 00 A2 9A 88 B2 00 00 00 00 5E A5 85 B2 00 00 00 00 F8 05
17 00 3A 00 91 15 24 00 00 9E 8E 88 B2 00 00 00 00 62 B1 85 B2 00 00 00 00 F9 05
17 00 3A 00 91 15 24 00 00 E4 82 88 B2 00 00 00 00 1C BD 85 B2 00 00 00 00 FA 05
17 00 3A 00 91 15 24 00 00 89 77 88 B2 00 00 00 00 77 C8 85 B2 00 00 00 00 FB 05
17 00 3A 00 91 15 24 00 00 83 6B 88 B2 00 00 00 00 7D D4 85 B2 00 00 00 00 FC 05
17 00 3A 00 91 15 24 00 00 CA 5F 88 B2 00 00 00 00 36 E0 85 B2 00 00 00 00 FD 05
17 00 3A 00 91 15 24 00 00 13 B9 88 B2 00 00 00 00 ED 86 85 B2 00 00 00 00 FE 05
17 00 3A 00 91 15 24 00 00 34 AD 88 B2 00 00 00 00 CC 92 85 B2 00 00 00 00 FF 05
17 00 3A 00 91 15 24 00 00 AE A1 88 B2 00 00 00 00 52 9E 85 B2 00 00 00 00 00 06
17 00 3A 00 91 15 24 00 00 79 95 88 B2 00 00 00 00 87 AA 85 B2 00 00 00 00 01 06
17 00 3A 00 91 15 24 00 00 BC 89 88 B2 00 00 00 00 44 B6 85 B2 00 00 00 00 02 06
17 00 3A 00 91 15 24 00 00 EB 7D 88 B2 00 00 00 00 15 C2 85 B2 00 00 00 00 03 06
17 00 3A 00 91 15 24 00 00 2F 72 88 B2 00 00 00 00 D1 CD 85 B2 00 00 00 00 04 06
17 00 3A 00 91 15 24 00 00 49 65 88 B2 00 00 00 00 B7 DA 85 B2 00 00 00 00 05 06
17 00 3A 00 91 15 24 00 00 42 5A 88 B2 00 00 00 00 BE E5 85 B2 00 00 00 00 06 06
17 00 3A 00 91 15 24 00 00 0A B4 88 B2 00 00 00 00 F6 8B 85 B2 00 00 00 00 07 06
17 00 3A 00 91 15 24 00 00 D1 A7 88 B2 00 00 00 00 2F 98 85 B2 00 00 00 00 08 06
17 00 3A 00 91 15 24 00 00 98 9C 88 B2 00 00 00 00 68 A3 85 B2 00 00 00 00 09 06
17 00 3A 00 91 15 24 00 00 3A 90 88 B2 00 00 00 00 C6 AF 85 B2 00 00 00 00 0A 06
17 00 3A 00 91 15 24 00 00 FA 83 88 B2 00 00 00 00 06 BC 85 B2 00 00 00 00 0B 06
17 00 3A 00 91 15 24 00 00 EA 78 88 B2 00 00 00 00 16 C7 85 B2 00 00 00 00 0C 06
17 00 3A 00 91 15 24 00 00 FB 6C 88 B2 00 00 00 00 05 D3 85 B2 00 00 00 00 0D 06
17 00 3A 00 91 15 24 00 00 D8 60 88 B2 00 00 00 00 28 DF 85 B2 00 00 00 00 0E 06
17 00 3A 00 91 15 24 00 00 CE BA 88 B2 00 00 00 00 32 85 85 B2 00 00 00 00 0F 06
17 00 3A 00 91 15 24 00 00 A5 AE 88 B2 00 00 00 00 5B 91 85 B2 00 00 00 00 10 06
17 00 3A 00 91 15 24 00 00 16 A3 88 B2 00 00 00 00 EA 9C 85 B2 00 00 00 00 11 06
17 00 3A 00 91 15 24 00 00 10 97 88 B2 00 00 00 00 F0 A8 85 B2 00 00 00 00 12 06
17 00 3A 00 91 15 24 00 00 2E 8B 88 B2 00 00 00 00 D2 B4 85 B2 00 00 00 00 13 06
17 00 3A 00 91 15 24 00 00 F2 7E 88 B2 00 00 00 00 0E C1 85 B2 00 00 00 00 14 06
17 00 3A 00 91 15 24 00 00 8A 72 88 B2 00 00 00 00 76 CD 85 B2 00 00 00 00 15 06
17 00 3A 00 91 15 24 00 00 D6 67 88 B2 00 00 00 00 2A D8 85 B2 00 00 00 00 16 06
17 00 3A 00 91 15 24 00 00 E0 5B 88 B2 00 00 00 00 20 E4 85 B2 00 00 00 00 17 06
17 00 3A 00 91 15 24 00 00 C0 B5 88 B2 00 00 00 00 40 8A 85 B2 00 00 00 00 18 06
17 00 3A 00 91 15 24 00 00 EE AA 88 B2 00 00 00 00 12 95 85 B2 00 00 00 00 19 06
17 00 3A 00 91 15 24 00 00 41 9F 88 B2 00 00 00 00 BF A0 85 B2 00 00 00 00 1A 06
17 00 3A 00 91 15 24 00 00 3A 93 88 B2 00 00 00 00 C6 AC 85 B2 00 00 00 00 1B 06
17 00 3A 00 91 15 24 00 00 ED 87 88 B2 00 00 00 00 13 B8 85 B2 00 00 00 00 1C 06
17 00 3A 00 91 15 24 00 00 5F 7C 88 B2 00 00 00 00 A1 C3 85 B2 00 00 00 00 1D 06
17 00 3A 00 91 15 24 00 00 53 71 88 B2 00 00 00 00 AD CE 85 B2 00 00 00 00 1E 06
17 00 3A 00 91 15 24 00 00 58 66 88 B2 00 00 00 00 A8 D9 85 B2 00 00 00 00 1F 06
17 00 3A 00 91 15 24 00 00 16 5A 88 B2 00 00 00 00 EA E5 85 B2 00 00 00 00 20 06
17 00 3A 00 91 15 24 00 00 54 B4 88 B2 00 00 00 00 AC 8B 85 B2 00 00 00 00 21 06
17 00 3A 00 91 15 24 00 00 D6 A8 88 B2 00 00 00 00 2A 97 85 B2 00 00 00 00 22 06
17 00 3A 00 91 15 24 00 00 86 9D 88 B2 00 00 00 00 7A A2 85 B2 00 00 00 00 23 06
17 00 3A 00 91 15 24 00 00 1F 92 88 B2 00 00 00 00 E1 AD 85 B2 00 00 00 00 24 06
17 00 3A 00 91 15 24 00 00 B6 86 88 B2 00 00 00 00 4A B9 85 B2 00 00 00 00 25 06
17 00 3A 00 91 15 24 00 00 42 7B 88 B2 00 00 00 00 BE C4 85 B2 00 00 00 00 26 06
17 00 3A 00 91 15 24 00 00 D3 6F 88 B2 00 00 00 00 2D D0 85 B2 00 00 00 00 27 06
17 00 3A 00 91 15 24 00 00 45 63 88 B2 00 00 00 00 BB DC 85 B2 00 00 00 00 28 06
17 00 3A 00 91 15 24 00 00 E3 57 88 B2 00 00 00 00 1D E8 85 B2 00 00 00 00 29 06
17 00 3A 00 91 15 24 00 00 BC B1 88 B2 00 00 00 00 44 8E 85 B2 00 00 00 00 2A 06
17 00 3A 00 91 15 24 00 00 A6 A5 88 B2 00 00 00 00 5A 9A 85 B2 00 00 00 00 2B 06
17 00 3A 00 91 15 24 00 00 7F 9A 88 B2 00 00 00 00 81 A5 85 B2 00 00 00 00 2C 06
17 00 3A 00 91 15 24 00 00 4F 8F 88 B2 00 00 00 00 B1 B0 85 B2 00 00 00 00 2D 06
17 00 3A 00 91 15 24 00 00 65 83 88 B2 00 00 00 00 9B BC 85 B2 00 00 00 00 2E 06
17 00 3A 00 91 15 24 00 00 79 76 88 B2 00 00 00 00 87 C9 85 B2 00 00 00 00 2F 06
17 00 3A 00 91 15 24 00 00 47 6C 88 B2 00 00 00 00 B9 D3 85 B2 00 00 00 00 30 06
17 00 3A 00 91 15 24 00 00 3E 60 88 B2 00 00 00 00 C2 DF 85 B2 00 00 00 00 31 06
17 00 3A 00 91 15 24 00 00 3C BA 88 B2 00 00 00 00 C4 85 85 B2 00 00 00 00 32 06
17 00 3A 00 91 15 24 00 00 1A AF 88 B2 00 00 00 00 E6 90 85 B2 00 00 00 00 33 06
17 00 3A 00 91 15 24 00 00 66 A3 88 B2 00 00 00 00 9A 9C 85 B2 00 00 00 00 34 06
17 00 3A 00 91 15 24 00 00 1B 98 88 B2 00 00 00 00 E5 A7 85 B2 00 00 00 00 35 06
17 00 3A 00 91 15 24 00 00 F2 8B 88 B2 00 00 00 00 0E B4 85 B2 00 00 00 00 36 06
17 00 3A 00 91 15 24 00 00 A3 80 88 B2 00 00 00 00 5D BF 85 B2 00 00 00 00 37 06
17 00 3A 00 91 15 24 00 00 B8 74 88 B2 00 00 00 00 48 CB 85 B2 00 00 00 00 38 06
17 00 3A 00 91 15 24 00 00 7E 69 88 B2 00 00 00 00 82 D6 85 B2 00 00 00 00 39 06
17 00 3A 00 91 15 24 00 00 BE 5D 88 B2 00 00 00 00 42 E2 85 B2 00 00 00 00 3A 06
17 00 3A 00 91 15 24 00 00 24 B7 88 B2 00 00 00 00 DC 88 85 B2 00 00 00 00 3B 06
17 00 3A 00 91 15 24 00 00 63 AB 88 B2 00 00 00 00 9D 94 85 B2 00 00 00 00 3C 06
17 00 3A 00 91 15 24 00 00 2F A0 88 B2 00 00 00 00 D1 9F 85 B2 00 00 00 00 3D 06
17 00 3A 00 91 15 24 00 00 49 94 88 B2 00 00 00 00 B7 AB 85 B2 00 00 00 00 3E 06
17 00 3A 00 91 15 24 00 00 94 88 88 B2 00 00 00 00 6C B7 85 B2 00 00 00 00 3F 06
17 00 3A 00 91 15 24 00 00 35 7D 88 B2 00 00 00 00 CB C2 85 B2 00 00 00 00 40 06
17 00 3A 00 91 15 24 00 00 05 71 88 B2 00 00 00 00 FB CE 85 B2 00 00 00 00 41 06
17 00 3A 00 91 15 24 00 00 58 66 88 B2 00 00 00 00 A8 D9 85 B2 00 00 00 00 42 06
17 00 3A 00 91 15 24 00 00 84 5A 88 B2 00 00 00 00 7C E5 85 B2 00 00 00 00 43 06
17 00 3A 00 91 15 24 00 00 E7 B3 88 B2 00 00 00 00 19 8C 85 B2 00 00 00 00 44 06
17 00 3A 00 91 15 24 00 00 7A A8 88 B2 00 00 00 00 86 97 85 B2 00 00 00 00 45 06
17 00 3A 00 91 15 24 00 00 E6 9C 88 B2 00 00 00 00 1A A3 85 B2 00 00 00 00 46 06
17 00 3A 00 91 15 24 00 00 25 91 88 B2 00 00 00 00 DB AE 85 B2 00 00 00 00 47 06
17 00 3A 00 91 15 24 00 00 72 85 88 B2 00 00 00 00 8E BA 85 B2 00 00 00 00 48 06
17 00 3A 00 91 15 24 00 00 68 7A 88 B2 00 00 00 00 98 C5 85 B2 00 00 00 00 49 06
17 00 3A 00 91 15 24 00 00 A3 6D 88 B2 00 00 00 00 5D D2 85 B2 00 00 00 00 4A 06
17 00 3A 00 91 15 24 00 00 9D 62 88 B2 00 00 00 00 63 DD 85 B2 00 00 00 00 4B 06
17 00 3A 00 91 15 24 00 00 76 56 88 B2 00 00 00 00 8A E9 85 B2 00 00 00 00 4C 06
17 00 3A 00 91 15 24 00 00 54 B0 88 B2 00 00 00 00 AC 8F 85 B2 00 00 00 00 4D 06
17 00 3A 00 91 15 24 00 00 8D A4 88 B2 00 00 00 00 73 9B 85 B2 00 00 00 00 4E 06
17 00 3A 00 91 15 24 00 00 59 98 88 B2 00 00 00 00 A7 A7 85 B2 00 00 00 00 4F 06
17 00 3A 00 91 15 24 00 00 ED 8C 88 B2 00 00 00 00 13 B3 85 B2 00 00 00 00 50 06
17 00 3A 00 91 15 24 00 00 3B 81 88 B2 00 00 00 00 C5 BE 85 B2 00 00 00 00 51 06
17 00 3A 00 91 15 24 00 00 B8 74 88 B2 00 00 00 00 48 CB 85 B2 00 00 00 00 52 06
17 00 3A 00 91 15 24 00 00 82 69 88 B2 00 00 00 00 7E D6 85 B2 00 00 00 00 53 06
17 00 3A 00 91 15 24 00 00 66 5D 88 B2 00 00 00 00 9A E2 85 B2 00 00 00 00 54 06
17 00 3A 00 91 15 24 00 00 62 B7 88 B2 00 00 00 00 9E 88 85 B2 00 00 00 00 55 06
17 00 3A 00 91 15 24 00 00 C3 AB 88 B2 00 00 00 00 3D 94 85 B2 00 00 00 00 56 06
17 00 3A 00 91 15 24 00 00 11 9F 88 B2 00 00 00 00 EF A0 85 B2 00 00 00 00 57 06
17 00 3A 00 91 15 24 00 00 F9 93 88 B2 00 00 00 00 07 AC 85 B2 00 00 00 00 58 06
17 00 3A 00 91 15 24 00 00 E2 87 88 B2 00 00 00 00 1E B8 85 B2 00 00 00 00 59 06
17 00 3A 00 91 15 24 00 00 FA 7B 88 B2 00 00 00 00 06 C4 85 B2 00 00 00 00 5A 06
17 00 3A 00 91 15 24 00 00 57 71 88 B2 00 00 00 00 A9 CE 85 B2 00 00 00 00 5B 06
17 00 3A 00 91 15 24 00 00 6D 64 88 B2 00 00 00 00 93 DB 85 B2 00 00 00 00 5C 06
17 00 3A 00 91 15 24 00 00 6B 58 88 B2 00 00 00 00 95 E7 85 B2 00 00 00 00 5D 06
17 00 3A 00 91 15 24 00 00 FB B1 88 B2 00 00 00 00 05 8E 85 B2 00 00 00 00 5E 06
17 00 3A 00 91 15 24 00 00 27 A7 88 B2 00 00 00 00 D9 98 85 B2 00 00 00 00 5F 06
17 00 3A 00 91 15 24 00 00 CE 9A 88 B2 00 00 00 00 32 A5 85 B2 00 00 00 00 60 06
17 00 3A 00 91 15 24 00 00 E6 8E 88 B2 00 00 00 00 1A B1 85 B2 00 00 00 00 61 06
17 00 3A 00 91 15 24 00 00 67 83 88 B2 00 00 00 00 99 BC 85 B2 00 00 00 00 62 06
17 00 3A 00 91 15 24 00 00 1E 77 88 B2 00 00 00 00 E2 C8 85 B2 00 00 00 00 63 06
17 00 3A 00 91 15 24 00 00 4E 6B 88 B2 00 00 00 00 B2 D4 85 B2 00 00 00 00 64 06
17 00 3A 00 91 15 24 00 00 85 5F 88 B2 00 00 00 00 7B E0 85 B2 00 00 00 00 65 06
17 00 3A 00 91 15 24 00 00 4D B9 88 B2 00 00 00 00 B3 86 85 B2 00 00 00 00 66 06
17 00 3A 00 91 15 24 00 00 AC AD 88 B2 00 00 00 00 54 92 85 B2 00 00 00 00 67 06
17 00 3A 00 91 15 24 00 00 15 A2 88 B2 00 00 00 00 EB 9D 85 B2 00 00 00 00 68 06
17 00 3A 00 91 15 24 00 00 68 96 88 B2 00 00 00 00 98 A9 85 B2 00 00 00 00 69 06
17 00 3A 00 91 15 24 00 00 8E 8A 88 B2 00 00 00 00 72 B5 85 B2 00 00 00 00 6A 06
17 00 3A 00 91 15 24 00 00 67 7F 88 B2 00 00 00 00 99 C0 85 B2 00 00 00 00 6B 06
17 00 3A 00 91 15 24 00 00 F5 73 88 B2 00 00 00 00 0B CC 85 B2 00 00 00 00 6C 06
17 00 3A 00 91 15 24 00 00 6B 69 88 B2 00 00 00 00 95 D6 85 B2 00 00 00 00 6D 06
17 00 3A 00 91 15 24 00 00 17 5E 88 B2 00 00 00 00 E9 E1 85 B2 00 00 00 00 6E 06
17 00 3A 00 91 15 24 00 00 E5 B8 88 B2 00 00 00 00 1B 87 85 B2 00 00 00 00 6F 06
17 00 3A 00 91 15 24 00 00 1D AE 88 B2 00 00 00 00 E3 91 85 B2 00 00 00 00 70 06
17 00 3A 00 91 15 24 00 00 E9 A3 88 B2 00 00 00 00 17 9C 85 B2 00 00 00 00 71 06
17 00 3A 00 91 15 24 00 00 16 98 88 B2 00 00 00 00 EA A7 85 B2 00 00 00 00 72 06
17 00 3A 00 91 15 24 00 00 A5 8E 88 B2 00 00 00 00 5B B1 85 B2 00 00 00 00 73 06
17 00 3A 00 91 15 24 00 00 73 83 88 B2 00 00 00 00 8D BC 85 B2 00 00 00 00 74 06
17 00 3A 00 91 15 24 00 00 4E 79 88 B2 00 00 00 00 B2 C6 85 B2 00 00 00 00 75 06
17 00 3A 00 91 15 24 00 00 E6 6E 88 B2 00 00 00 00 1A D1 85 B2 00 00 00 00 76 06
17 00 3A 00 91 15 24 00 00 BF 64 88 B2 00 00 00 00 41 DB 85 B2 00 00 00 00 77 06
17 00 3A 00 91 15 24 00 00 E7 59 88 B2 00 00 00 00 19 E6 85 B2 00 00 00 00 78 06
17 00 3A 00 91 15 24 00 00 60 B5 88 B2 00 00 00 00 A0 8A 85 B2 00 00 00 00 79 06
17 00 3A 00 91 15 24 00 00 BF AA 88 B2 00 00 00 00 41 95 85 B2 00 00 00 00 7A 06
17 00 3A 00 91 15 24 00 00 9D A0 88 B2 00 00 00 00 63 9F 85 B2 00 00 00 00 7B 06
17 00 3A 00 91 15 24 00 00 BC 95 88 B2 00 00 00 00 44 AA 85 B2 00 00 00 00 7C 06
17 00 3A 00 91 15 24 00 00 56 8C 88 B2 00 00 00 00 AA B3 85 B2 00 00 00 00 7D 06
17 00 3A 00 91 15 24 00 00 06 81 88 B2 00 00 00 00 FA BE 85 B2 00 00 00 00 7E 06
17 00 3A 00 91 15 24 00 00 F0 76 88 B2 00 00 00 00 10 C9 85 B2 00 00 00 00 7F 06
17 00 3A 00 91 15 24 00 00 E8 6B 88 B2 00 00 00 00 18 D4 85 B2 00 00 00 00 80 06
17 00 3A 00 91 15 24 00 00 D8 61 88 B2 00 00 00 00 28 DE 85 B2 00 00 00 00 81 06
17 00 3A 00 91 15 24 00 00 21 56 88 B2 00 00 00 00 DF E9 85 B2 00 00 00 00 82 06
17 00 3A 00 91 15 24 00 00 B0 B1 88 B2 00 00 00 00 50 8E 85 B2 00 00 00 00 83 06
17 00 3A 00 91 15 24 00 00 1D A7 88 B2 00 00 00 00 E3 98 85 B2 00 00 00 00 84 06
17 00 3A 00 91 15 24 00 00 4C 9C 88 B2 00 00 00 00 B4 A3 85 B2 00 00 00 00 85 06
17 00 3A 00 91 15 24 00 00 8F 91 88 B2 00 00 00 00 71 AE 85 B2 00 00 00 00 86 06
17 00 3A 00 91 15 24 00 00 DB 86 88 B2 00 00 00 00 25 B9 85 B2 00 00 00 00 87 06
17 00 3A 00 91 15 24 00 00 8A 7B 88 B2 00 00 00 00 76 C4 85 B2 00 00 00 00 88 06
17 00 3A 00 91 15 24 00 00 0A 71 88 B2 00 00 00 00 F6 CE 85 B2 00 00 00 00 89 06
17 00 3A 00 91 15 24 00 00 53 66 88 B2 00 00 00 00 AD D9 85 B2 00 00 00 00 8A 06
17 00 3A 00 91 15 24 00 00 10 5B 88 B2 00 00 00 00 F0 E4 85 B2 00 00 00 00 8B 06
17 00 3A 00 91 15 24 00 00 56 B6 88 B2 00 00 00 00 AA 89 85 B2 00 00 00 00 8C 06
17 00 3A 00 91 15 24 00 00 BC AB 88 B2 00 00 00 00 44 94 85 B2 00 00 00 00 8D 06
17 00 3A 00 91 15 24 00 00 AF A0 88 B2 00 00 00 00 51 9F 85 B2 00 00 00 00 8E 06
17 00 3A 00 91 15 24 00 00 0B 96 88 B2 00 00 00 00 F5 A9 85 B2 00 00 00 00 8F 06
17 00 3A 00 91 15 24 00 00 9A 8A 88 B2 00 00 00 00 66 B5 85 B2 00 00 00 00 90 06
17 00 3A 00 91 15 24 00 00 56 81 88 B2 00 00 00 00 AA BE 85 B2 00 00 00 00 91 06
17 00 3A 00 91 15 24 00 00 66 76 88 B2 00 00 00 00 9A C9 85 B2 00 00 00 00 92 06
17 00 3A 00 91 15 24 00 00 56 6B 88 B2 00 00 00 00 AA D4 85 B2 00 00 00 00 93 06
17 00 3A 00 91 15 24 00 00 CF 60 88 B2 00 00 00 00 31 DF 85 B2 00 00 00 00 94 06
17 00 3A 00 91 15 24 00 00 BA 55 88 B2 00 00 00 00 46 EA 85 B2 00 00 00 00 95 06
17 00 3A 00 91 15 24 00 00 66 B0 88 B2 00 00 00 00 9A 8F 85 B2 00 00 00 00 96 06
17 00 3A 00 91 15 24 00 00 0C A6 88 B2 00 00 00 00 F4 99 85 B2 00 00 00 00 97 06
17 00 3A 00 91 15 24 00 00 17 9B 88 B2 00 00 00 00 E9 A4 85 B2 00 00 00 00 98 06
17 00 3A 00 91 15 24 00 00 1F 90 88 B2 00 00 00 00 E1 AF 85 B2 00 00 00 00 99 06
17 00 3A 00 91 15 24 00 00 34 85 88 B2 00 00 00 00 CC BA 85 B2 00 00 00 00 9A 06
17 00 3A 00 91 15 24 00 00 38 7B 88 B2 00 00 00 00 C8 C4 85 B2 00 00 00 00 9B 06
17 00 3A 00 91 15 24 00 00 12 70 88 B2 00 00 00 00 EE CF 85 B2 00 00 00 00 9C 06
17 00 3A 00 91 15 24 00 00 C1 65 88 B2 00 00 00 00 3F DA 85 B2 00 00 00 00 9D 06
17 00 3A 00 91 15 24 00 00 4B 5A 88 B2 00 00 00 00 B5 E5 85 B2 00 00 00 00 9E 06
17 00 3A 00 91 15 24 00 00 BD B5 88 B2 00 00 00 00 43 8A 85 B2 00 00 00 00 9F 06
17 00 3A 00 91 15 24 00 00 56 AA 88 B2 00 00 00 00 AA 95 85 B2 00 00 00 00 A0 06
17 00 3A 00 91 15 24 00 00 EF 9F 88 B2 00 00 00 00 11 A0 85 B2 00 00 00 00 A1 06
17 00 3A 00 91 15 24 00 00 98 94 88 B2 00 00 00 00 68 AB 85 B2 00 00 00 00 A2 06
17 00 3A 00 91 15 24 00 00 54 8A 88 B2 00 00 00 00 AC B5 85 B2 00 00 00 00 A3 06
17 00 3A 00 91 15 24 00 00 7E 7E 88 B2 00 00 00 00 82 C1 85 B2 00 00 00 00 A4 06
17 00 3A 00 91 15 24 00 00 D3 74 88 B2 00 00 00 00 2D CB 85 B2 00 00 00 00 A5 06
17 00 3A 00 91 15 24 00 00 88 69 88 B2 00 00 00 00 78 D6 85 B2 00 00 00 00 A6 06
17 00 3A 00 91 15 24 00 00 35 5F 88 B2 00 00 00 00 CB E0 85 B2 00 00 00 00 A7 06
17 00 3A 00 91 15 24 00 00 DB B9 88 B2 00 00 00 00 25 86 85 B2 00 00 00 00 A8 06
17 00 3A 00 91 15 24 00 00 9E AF 88 B2 00 00 00 00 62 90 85 B2 00 00 00 00 A9 06
17 00 3A 00 91 15 24 00 00 2D A4 88 B2 00 00 00 00 D3 9B 85 B2 00 00 00 00 AA 06
17 00 3A 00 91 15 24 00 00 C9 99 88 B2 00 00 00 00 37 A6 85 B2 00 00 00 00 AB 06
17 00 3A 00 91 15 24 00 00 60 8F 88 B2 00 00 00 00 A0 B0 85 B2 00 00 00 00 AC 06
17 00 3A 00 91 15 24 00 00 53 84 88 B2 00 00 00 00 AD BB 85 B2 00 00 00 00 AD 06
17 00 3A 00 91 15 24 00 00 48 79 88 B2 00 00 00 00 B8 C6 85 B2 00 00 00 00 AE 06
17 00 3A 00 91 15 24 00 00 D4 6E 88 B2 00 00 00 00 2C D1 85 B2 00 00 00 00 AF 06
17 00 3A 00 91 15 24 00 00 FD 63 88 B2 00 00 00 00 03 DC 85 B2 00 00 00 00 B0 06
17 00 3A 00 91 15 24 00 00 05 5A 88 B2 00 00 00 00 FB E5 85 B2 00 00 00 00 B1 06
17 00 3A 00 91 15 24 00 00 8E B4 88 B2 00 00 00 00 72 8B 85 B2 00 00 00 00 B2 06
17 00 3A 00 91 15 24 00 00 A5 A9 88 B2 00 00 00 00 5B 96 85 B2 00 00 00 00 B3 06
17 00 3A 00 91 15 24 00 00 06 9F 88 B2 00 00 00 00 FA A0 85 B2 00 00 00 00 B4 06
17 00 3A 00 91 15 24 00 00 7D 94 88 B2 00 00 00 00 83 AB 85 B2 00 00 00 00 B5 06
17 00 3A 00 91 15 24 00 00 E2 89 88 B2 00 00 00 00 1E B6 85 B2 00 00 00 00 B6 06
17 00 3A 00 91 15 24 00 00 67 7F 88 B2 00 00 00 00 99 C0 85 B2 00 00 00 00 B7 06
17 00 3A 00 91 15 24 00 00 7A 74 88 B2 00 00 00 00 86 CB 85 B2 00 00 00 00 B8 06
17 00 3A 00 91 15 24 00 00 85 6A 88 B2 00 00 00 00 7B D5 85 B2 00 00 00 00 B9 06
17 00 3A 00 91 15 24 00 00 AD 5F 88 B2 00 00 00 00 53 E0 85 B2 00 00 00 00 BA 06
17 00 3A 00 91 15 24 00 00 01 BB 88 B2 00 00 00 00 FF 84 85 B2 00 00 00 00 BB 06
17 00 3A 00 91 15 24 00 00 43 B0 88 B2 00 00 00 00 BD 8F 85 B2 00 00 00 00 BC 06
17 00 3A 00 91 15 24 00 00 C5 A4 88 B2 00 00 00 00 3B 9B 85 B2 00 00 00 00 BD 06
17 00 3A 00 91 15 24 00 00 A6 9A 88 B2 00 00 00 00 5A A5 85 B2 00 00 00 00 BE 06
17 00 3A 00 91 15 24 00 00 1F 90 88 B2 00 00 00 00 E1 AF 85 B2 00 00 00 00 BF 06
