17 00 3A 00 91 15 24 00 00 F9 2C 88 B2 00 00 00 00 07 13 86 B2 00 00 00 00 0A 04
17 00 3A 00 91 15 24 00 00 3B 4E 88 B2 00 00 00 00 C5 F1 85 B2 00 00 00 00 0B 04
17 00 3A 00 91 15 24 00 00 19 0A 88 B2 00 00 00 00 E7 35 86 B2 00 00 00 00 0C 04
17 00 3A 00 91 15 24 00 00 8F 2B 88 B2 00 00 00 00 71 14 86 B2 00 00 00 00 0D 04
17 00 3A 00 91 15 24 00 00 5F 4D 88 B2 00 00 00 00 A1 F2 85 B2 00 00 00 00 0E 04
17 00 3A 00 91 15 24 00 00 1E 0A 88 B2 00 00 00 00 E2 35 86 B2 00 00 00 00 0F 04
17 00 3A 00 91 15 24 00 00 51 2B 88 B2 00 00 00 00 AF 14 86 B2 00 00 00 00 10 04
17 00 3A 00 91 15 24 00 00 63 4D 88 B2 00 00 00 00 9D F2 85 B2 00 00 00 00 11 04
17 00 3A 00 91 15 24 00 00 4C 09 88 B2 00 00 00 00 B4 36 86 B2 00 00 00 00 12 04
17 00 3A 00 91 15 24 00 00 C5 2B 88 B2 00 00 00 00 3B 14 86 B2 00 00 00 00 13 04
17 00 3A 00 91 15 24 00 00 1B 4D 88 B2 00 00 00 00 E5 F2 85 B2 00 00 00 00 14 04
17 00 3A 00 91 15 24 00 00 32 09 88 B2 00 00 00 00 CE 36 86 B2 00 00 00 00 15 04
17 00 3A 00 91 15 24 00 00 05 2B 88 B2 00 00 00 00 FB 14 86 B2 00 00 00 00 16 04
17 00 3A 00 91 15 24 00 00 9E 4C 88 B2 00 00 00 00 62 F3 85 B2 00 00 00 00 17 04
17 00 3A 00 91 15 24 00 00 B7 08 88 B2 00 00 00 00 49 37 86 B2 00 00 00 00 18 04
17 00 3A 00 91 15 24 00 00 86 2A 88 B2 00 00 00 00 7A 15 86 B2 00 00 00 00 19 04
17 00 3A 00 91 15 24 00 00 DC 4B 88 B2 00 00 00 00 24 F4 85 B2 00 00 00 00 1A 04
17 00 3A 00 91 15 24 00 00 00 08 88 B2 00 00 00 00 00 38 86 B2 00 00 00 00 1B 04
17 00 3A 00 91 15 24 00 00 4B 29 88 B2 00 00 00 00 B5 16 86 B2 00 00 00 00 1C 04
17 00 3A 00 91 15 24 00 00 15 4B 88 B2 00 00 00 00 EB F4 85 B2 00 00 00 00 1D 04
17 00 3A 00 91 15 24 00 00 A0 06 88 B2 00 00 00 00 60 39 86 B2 00 00 00 00 1E 04
17 00 3A 00 91 15 24 00 00 8B 28 88 B2 00 00 00 00 75 17 86 B2 00 00 00 00 1F 04
17 00 3A 00 91 15 24 00 00 55 49 88 B2 00 00 00 00 AB F6 85 B2 00 00 00 00 20 04
17 00 3A 00 91 15 24 00 00 E9 6A 88 B2 00 00 00 00 17 D5 85 B2 00 00 00 00 21 04
17 00 3A 00 91 15 24 00 00 57 26 88 B2 00 00 00 00 A9 19 86 B2 00 00 00 00 22 04
17 00 3A 00 91 15 24 00 00 26 48 88 B2 00 00 00 00 DA F7 85 B2 00 00 00 00 23 04
17 00 3A 00 91 15 24 00 00 2B 69 88 B2 00 00 00 00 D5 D6 85 B2 00 00 00 00 24 04
17 00 3A 00 91 15 24 00 00 C9 24 88 B2 00 00 00 00 37 1B 86 B2 00 00 00 00 25 04
17 00 3A 00 91 15 24 00 00 DE 45 88 B2 00 00 00 00 22 FA 85 B2 00 00 00 00 26 04
17 00 3A 00 91 15 24 00 00 30 67 88 B2 00 00 00 00 D0 D8 85 B2 00 00 00 00 27 04
17 00 3A 00 91 15 24 00 00 45 22 88 B2 00 00 00 00 BB 1D 86 B2 00 00 00 00 28 04
17 00 3A 00 91 15 24 00 00 FB 43 88 B2 00 00 00 00 05 FC 85 B2 00 00 00 00 29 04
17 00 3A 00 91 15 24 00 00 A2 64 88 B2 00 00 00 00 5E DB 85 B2 00 00 00 00 2A 04
17 00 3A 00 91 15 24 00 00 67 20 88 B2 00 00 00 00 99 1F 86 B2 00 00 00 00 2B 04
17 00 3A 00 91 15 24 00 00 4A 41 88 B2 00 00 00 00 B6 FE 85 B2 00 00 00 00 2C 04
17 00 3A 00 91 15 24 00 00 51 62 88 B2 00 00 00 00 AF DD 85 B2 00 00 00 00 2D 04
17 00 3A 00 91 15 24 00 00 B2 1D 88 B2 00 00 00 00 4E 22 86 B2 00 00 00 00 2E 04
17 00 3A 00 91 15 24 00 00 BF 3E 88 B2 00 00 00 00 41 01 86 B2 00 00 00 00 2F 04
17 00 3A 00 91 15 24 00 00 B6 5F 88 B2 00 00 00 00 4A E0 85 B2 00 00 00 00 30 04
17 00 3A 00 91 15 24 00 00 B5 1B 88 B2 00 00 00 00 4B 24 86 B2 00 00 00 00 31 04
17 00 3A 00 91 15 24 00 00 20 3C 88 B2 00 00 00 00 E0 03 86 B2 00 00 00 00 32 04
17 00 3A 00 91 15 24 00 00 D8 5D 88 B2 00 00 00 00 28 E2 85 B2 00 00 00 00 33 04
17 00 3A 00 91 15 24 00 00 77 18 88 B2 00 00 00 00 89 27 86 B2 00 00 00 00 34 04
17 00 3A 00 91 15 24 00 00 FD 39 88 B2 00 00 00 00 03 06 86 B2 00 00 00 00 35 04
17 00 3A 00 91 15 24 00 00 48 5A 88 B2 00 00 00 00 B8 E5 85 B2 00 00 00 00 36 04
17 00 3A 00 91 15 24 00 00 03 16 88 B2 00 00 00 00 FD 29 86 B2 00 00 00 00 37 04
17 00 3A 00 91 15 24 00 00 C4 36 88 B2 00 00 00 00 3C 09 86 B2 00 00 00 00 38 04
17 00 3A 00 91 15 24 00 00 6A 58 88 B2 00 00 00 00 96 E7 85 B2 00 00 00 00 39 04
17 00 3A 00 91 15 24 00 00 2D 13 88 B2 00 00 00 00 D3 2C 86 B2 00 00 00 00 3A 04
17 00 3A 00 91 15 24 00 00 20 35 88 B2 00 00 00 00 E0 0A 86 B2 00 00 00 00 3B 04
17 00 3A 00 91 15 24 00 00 36 55 88 B2 00 00 00 00 CA EA 85 B2 00 00 00 00 3C 04
17 00 3A 00 91 15 24 00 00 58 11 88 B2 00 00 00 00 A8 2E 86 B2 00 00 00 00 3D 04
17 00 3A 00 91 15 24 00 00 1F 32 88 B2 00 00 00 00 E1 0D 86 B2 00 00 00 00 3E 04
17 00 3A 00 91 15 24 00 00 9F 53 88 B2 00 00 00 00 61 EC 85 B2 00 00 00 00 3F 04
17 00 3A 00 91 15 24 00 00 27 0F 88 B2 00 00 00 00 D9 30 86 B2 00 00 00 00 40 04
17 00 3A 00 91 15 24 00 00 DF 30 88 B2 00 00 00 00 21 0F 86 B2 00 00 00 00 41 04
17 00 3A 00 91 15 24 00 00 B0 51 88 B2 00 00 00 00 50 EE 85 B2 00 00 00 00 42 04
17 00 3A 00 91 15 24 00 00 16 0E 88 B2 00 00 00 00 EA 31 86 B2 00 00 00 00 43 04
17 00 3A 00 91 15 24 00 00 53 2F 88 B2 00 00 00 00 AD 10 86 B2 00 00 00 00 44 04
17 00 3A 00 91 15 24 00 00 84 51 88 B2 00 00 00 00 7C EE 85 B2 00 00 00 00 45 04
17 00 3A 00 91 15 24 00 00 06 0D 88 B2 00 00 00 00 FA 32 86 B2 00 00 00 00 46 04
17 00 3A 00 91 15 24 00 00 28 2F 88 B2 00 00 00 00 D8 10 86 B2 00 00 00 00 47 04
17 00 3A 00 91 15 24 00 00 8D 50 88 B2 00 00 00 00 73 EF 85 B2 00 00 00 00 48 04
17 00 3A 00 91 15 24 00 00 89 0D 88 B2 00 00 00 00 77 32 86 B2 00 00 00 00 49 04
17 00 3A 00 91 15 24 00 00 CD 2E 88 B2 00 00 00 00 33 11 86 B2 00 00 00 00 4A 04
17 00 3A 00 91 15 24 00 00 31 51 88 B2 00 00 00 00 CF EE 85 B2 00 00 00 00 4B 04
17 00 3A 00 91 15 24 00 00 8D 0D 88 B2 00 00 00 00 73 32 86 B2 00 00 00 00 4C 04
17 00 3A 00 91 15 24 00 00 FE 2F 88 B2 00 00 00 00 02 10 86 B2 00 00 00 00 4D 04
17 00 3A 00 91 15 24 00 00 D3 51 88 B2 00 00 00 00 2D EE 85 B2 00 00 00 00 4E 04
17 00 3A 00 91 15 24 00 00 FF 0E 88 B2 00 00 00 00 01 31 86 B2 00 00 00 00 4F 04
17 00 3A 00 91 15 24 00 00 D3 30 88 B2 00 00 00 00 2D 0F 86 B2 00 00 00 00 50 04
17 00 3A 00 91 15 24 00 00 CE 53 88 B2 00 00 00 00 32 EC 85 B2 00 00 00 00 51 04
17 00 3A 00 91 15 24 00 00 48 10 88 B2 00 00 00 00 B8 2F 86 B2 00 00 00 00 52 04
17 00 3A 00 91 15 24 00 00 A1 32 88 B2 00 00 00 00 5F 0D 86 B2 00 00 00 00 53 04
17 00 3A 00 91 15 24 00 00 FD 54 88 B2 00 00 00 00 03 EB 85 B2 00 00 00 00 54 04
17 00 3A 00 91 15 24 00 00 6B 12 88 B2 00 00 00 00 95 2D 86 B2 00 00 00 00 55 04
17 00 3A 00 91 15 24 00 00 6E 34 88 B2 00 00 00 00 92 0B 86 B2 00 00 00 00 56 04
17 00 3A 00 91 15 24 00 00 A3 57 88 B2 00 00 00 00 5D E8 85 B2 00 00 00 00 57 04
17 00 3A 00 91 15 24 00 00 18 14 88 B2 00 00 00 00 E8 2B 86 B2 00 00 00 00 58 04
17 00 3A 00 91 15 24 00 00 A1 36 88 B2 00 00 00 00 5F 09 86 B2 00 00 00 00 59 04
17 00 3A 00 91 15 24 00 00 7C 59 88 B2 00 00 00 00 84 E6 85 B2 00 00 00 00 5A 04
17 00 3A 00 91 15 24 00 00 EB 16 88 B2 00 00 00 00 15 29 86 B2 00 00 00 00 5B 04
17 00 3A 00 91 15 24 00 00 7D 39 88 B2 00 00 00 00 83 06 86 B2 00 00 00 00 5C 04
17 00 3A 00 91 15 24 00 00 A0 5C 88 B2 00 00 00 00 60 E3 85 B2 00 00 00 00 5D 04
17 00 3A 00 91 15 24 00 00 8E 19 88 B2 00 00 00 00 72 26 86 B2 00 00 00 00 5E 04
17 00 3A 00 91 15 24 00 00 80 3C 88 B2 00 00 00 00 80 03 86 B2 00 00 00 00 5F 04
17 00 3A 00 91 15 24 00 00 F4 5E 88 B2 00 00 00 00 0C E1 85 B2 00 00 00 00 60 04
17 00 3A 00 91 15 24 00 00 7A 1C 88 B2 00 00 00 00 86 23 86 B2 00 00 00 00 61 04
17 00 3A 00 91 15 24 00 00 B4 3E 88 B2 00 00 00 00 4C 01 86 B2 00 00 00 00 62 04
17 00 3A 00 91 15 24 00 00 5F 61 88 B2 00 00 00 00 A1 DE 85 B2 00 00 00 00 63 04
17 00 3A 00 91 15 24 00 00 76 1E 88 B2 00 00 00 00 8A 21 86 B2 00 00 00 00 64 04
17 00 3A 00 91 15 24 00 00 6B 41 88 B2 00 00 00 00 95 FE 85 B2 00 00 00 00 65 04
17 00 3A 00 91 15 24 00 00 74 63 88 B2 00 00 00 00 8C DC 85 B2 00 00 00 00 66 04
17 00 3A 00 91 15 24 00 00 E6 20 88 B2 00 00 00 00 1A 1F 86 B2 00 00 00 00 67 04
17 00 3A 00 91 15 24 00 00 FD 42 88 B2 00 00 00 00 03 FD 85 B2 00 00 00 00 68 04
17 00 3A 00 91 15 24 00 00 C6 65 88 B2 00 00 00 00 3A DA 85 B2 00 00 00 00 69 04
17 00 3A 00 91 15 24 00 00 14 22 88 B2 00 00 00 00 EC 1D 86 B2 00 00 00 00 6A 04
17 00 3A 00 91 15 24 00 00 F9 44 88 B2 00 00 00 00 07 FB 85 B2 00 00 00 00 6B 04
17 00 3A 00 91 15 24 00 00 B8 66 88 B2 00 00 00 00 48 D9 85 B2 00 00 00 00 6C 04
17 00 3A 00 91 15 24 00 00 BE 23 88 B2 00 00 00 00 42 1C 86 B2 00 00 00 00 6D 04
17 00 3A 00 91 15 24 00 00 0A 46 88 B2 00 00 00 00 F6 F9 85 B2 00 00 00 00 6E 04
17 00 3A 00 91 15 24 00 00 A5 68 88 B2 00 00 00 00 5B D7 85 B2 00 00 00 00 6F 04
17 00 3A 00 91 15 24 00 00 D0 24 88 B2 00 00 00 00 30 1B 86 B2 00 00 00 00 70 04
17 00 3A 00 91 15 24 00 00 BD 47 88 B2 00 00 00 00 43 F8 85 B2 00 00 00 00 71 04
17 00 3A 00 91 15 24 00 00 2E 69 88 B2 00 00 00 00 D2 D6 85 B2 00 00 00 00 72 04
17 00 3A 00 91 15 24 00 00 1F 26 88 B2 00 00 00 00 E1 19 86 B2 00 00 00 00 73 04
17 00 3A 00 91 15 24 00 00 F3 47 88 B2 00 00 00 00 0D F8 85 B2 00 00 00 00 74 04
17 00 3A 00 91 15 24 00 00 6C 6A 88 B2 00 00 00 00 94 D5 85 B2 00 00 00 00 75 04
17 00 3A 00 91 15 24 00 00 B5 26 88 B2 00 00 00 00 4B 19 86 B2 00 00 00 00 76 04
17 00 3A 00 91 15 24 00 00 EE 48 88 B2 00 00 00 00 12 F7 85 B2 00 00 00 00 77 04
17 00 3A 00 91 15 24 00 00 D0 6A 88 B2 00 00 00 00 30 D5 85 B2 00 00 00 00 78 04
17 00 3A 00 91 15 24 00 00 CB 27 88 B2 00 00 00 00 35 18 86 B2 00 00 00 00 79 04
17 00 3A 00 91 15 24 00 00 43 49 88 B2 00 00 00 00 BD F6 85 B2 00 00 00 00 7A 04
17 00 3A 00 91 15 24 00 00 AA 6B 88 B2 00 00 00 00 56 D4 85 B2 00 00 00 00 7B 04
17 00 3A 00 91 15 24 00 00 E6 27 88 B2 00 00 00 00 1A 18 86 B2 00 00 00 00 7C 04
17 00 3A 00 91 15 24 00 00 59 4A 88 B2 00 00 00 00 A7 F5 85 B2 00 00 00 00 7D 04
17 00 3A 00 91 15 24 00 00 19 06 88 B2 00 00 00 00 E7 39 86 B2 00 00 00 00 7E 04
17 00 3A 00 91 15 24 00 00 47 28 88 B2 00 00 00 00 B9 17 86 B2 00 00 00 00 7F 04
17 00 3A 00 91 15 24 00 00 14 4A 88 B2 00 00 00 00 EC F5 85 B2 00 00 00 00 80 04
17 00 3A 00 91 15 24 00 00 61 06 88 B2 00 00 00 00 9F 39 86 B2 00 00 00 00 81 04
17 00 3A 00 91 15 24 00 00 35 28 88 B2 00 00 00 00 CB 17 86 B2 00 00 00 00 82 04
17 00 3A 00 91 15 24 00 00 71 4A 88 B2 00 00 00 00 8F F5 85 B2 00 00 00 00 83 04
17 00 3A 00 91 15 24 00 00 23 06 88 B2 00 00 00 00 DD 39 86 B2 00 00 00 00 84 04
17 00 3A 00 91 15 24 00 00 5E 28 88 B2 00 00 00 00 A2 17 86 B2 00 00 00 00 85 04
17 00 3A 00 91 15 24 00 00 AF 49 88 B2 00 00 00 00 51 F6 85 B2 00 00 00 00 86 04
17 00 3A 00 91 15 24 00 00 C1 6B 88 B2 00 00 00 00 3F D4 85 B2 00 00 00 00 87 04
17 00 3A 00 91 15 24 00 00 43 27 88 B2 00 00 00 00 BD 18 86 B2 00 00 00 00 88 04
17 00 3A 00 91 15 24 00 00 7A 49 88 B2 00 00 00 00 86 F6 85 B2 00 00 00 00 89 04
17 00 3A 00 91 15 24 00 00 8F 6A 88 B2 00 00 00 00 71 D5 85 B2 00 00 00 00 8A 04
17 00 3A 00 91 15 24 00 00 94 26 88 B2 00 00 00 00 6C 19 86 B2 00 00 00 00 8B 04
17 00 3A 00 91 15 24 00 00 F9 47 88 B2 00 00 00 00 07 F8 85 B2 00 00 00 00 8C 04
17 00 3A 00 91 15 24 00 00 09 6A 88 B2 00 00 00 00 F7 D5 85 B2 00 00 00 00 8D 04
17 00 3A 00 91 15 24 00 00 94 25 88 B2 00 00 00 00 6C 1A 86 B2 00 00 00 00 8E 04
17 00 3A 00 91 15 24 00 00 88 47 88 B2 00 00 00 00 78 F8 85 B2 00 00 00 00 8F 04
17 00 3A 00 91 15 24 00 00 AD 68 88 B2 00 00 00 00 53 D7 85 B2 00 00 00 00 90 04
17 00 3A 00 91 15 24 00 00 C4 24 88 B2 00 00 00 00 3C 1B 86 B2 00 00 00 00 91 04
17 00 3A 00 91 15 24 00 00 DF 45 88 B2 00 00 00 00 21 FA 85 B2 00 00 00 00 92 04
17 00 3A 00 91 15 24 00 00 EC 67 88 B2 00 00 00 00 14 D8 85 B2 00 00 00 00 93 04
17 00 3A 00 91 15 24 00 00 23 23 88 B2 00 00 00 00 DD 1C 86 B2 00 00 00 00 94 04
17 00 3A 00 91 15 24 00 00 EB 44 88 B2 00 00 00 00 15 FB 85 B2 00 00 00 00 95 04
17 00 3A 00 91 15 24 00 00 C4 65 88 B2 00 00 00 00 3C DA 85 B2 00 00 00 00 96 04
17 00 3A 00 91 15 24 00 00 2C 22 88 B2 00 00 00 00 D4 1D 86 B2 00 00 00 00 97 04
17 00 3A 00 91 15 24 00 00 D5 42 88 B2 00 00 00 00 2B FD 85 B2 00 00 00 00 98 04
17 00 3A 00 91 15 24 00 00 7A 64 88 B2 00 00 00 00 86 DB 85 B2 00 00 00 00 99 04
17 00 3A 00 91 15 24 00 00 A9 1F 88 B2 00 00 00 00 57 20 86 B2 00 00 00 00 9A 04
17 00 3A 00 91 15 24 00 00 AF 41 88 B2 00 00 00 00 51 FE 85 B2 00 00 00 00 9B 04
17 00 3A 00 91 15 24 00 00 85 62 88 B2 00 00 00 00 7B DD 85 B2 00 00 00 00 9C 04
17 00 3A 00 91 15 24 00 00 79 1E 88 B2 00 00 00 00 87 21 86 B2 00 00 00 00 9D 04
17 00 3A 00 91 15 24 00 00 A4 3F 88 B2 00 00 00 00 5C 00 86 B2 00 00 00 00 9E 04
17 00 3A 00 91 15 24 00 00 C4 60 88 B2 00 00 00 00 3C DF 85 B2 00 00 00 00 9F 04
17 00 3A 00 91 15 24 00 00 8A 1C 88 B2 00 00 00 00 76 23 86 B2 00 00 00 00 A0 04
17 00 3A 00 91 15 24 00 00 45 3E 88 B2 00 00 00 00 BB 01 86 B2 00 00 00 00 A1 04
17 00 3A 00 91 15 24 00 00 2F 5F 88 B2 00 00 00 00 D1 E0 85 B2 00 00 00 00 A2 04
17 00 3A 00 91 15 24 00 00 FE 1A 88 B2 00 00 00 00 02 25 86 B2 00 00 00 00 A3 04
17 00 3A 00 91 15 24 00 00 A7 3B 88 B2 00 00 00 00 59 04 86 B2 00 00 00 00 A4 04
17 00 3A 00 91 15 24 00 00 27 5D 88 B2 00 00 00 00 D9 E2 85 B2 00 00 00 00 A5 04
17 00 3A 00 91 15 24 00 00 13 18 88 B2 00 00 00 00 ED 27 86 B2 00 00 00 00 A6 04
17 00 3A 00 91 15 24 00 00 A1 39 88 B2 00 00 00 00 5F 06 86 B2 00 00 00 00 A7 04
17 00 3A 00 91 15 24 00 00 E5 59 88 B2 00 00 00 00 1B E6 85 B2 00 00 00 00 A8 04
17 00 3A 00 91 15 24 00 00 1A 16 88 B2 00 00 00 00 E6 29 86 B2 00 00 00 00 A9 04
17 00 3A 00 91 15 24 00 00 75 36 88 B2 00 00 00 00 8B 09 86 B2 00 00 00 00 AA 04
17 00 3A 00 91 15 24 00 00 D2 57 88 B2 00 00 00 00 2E E8 85 B2 00 00 00 00 AB 04
17 00 3A 00 91 15 24 00 00 AB 12 88 B2 00 00 00 00 55 2D 86 B2 00 00 00 00 AC 04
17 00 3A 00 91 15 24 00 00 5D 34 88 B2 00 00 00 00 A3 0B 86 B2 00 00 00 00 AD 04
17 00 3A 00 91 15 24 00 00 DC 54 88 B2 00 00 00 00 24 EB 85 B2 00 00 00 00 AE 04
17 00 3A 00 91 15 24 00 00 9C 11 88 B2 00 00 00 00 64 2E 86 B2 00 00 00 00 AF 04
17 00 3A 00 91 15 24 00 00 A8 31 88 B2 00 00 00 00 58 0E 86 B2 00 00 00 00 B0 04
17 00 3A 00 91 15 24 00 00 B8 53 88 B2 00 00 00 00 48 EC 85 B2 00 00 00 00 B1 04
17 00 3A 00 91 15 24 00 00 D5 0E 88 B2 00 00 00 00 2B 31 86 B2 00 00 00 00 B2 04
17 00 3A 00 91 15 24 00 00 A5 30 88 B2 00 00 00 00 5B 0F 86 B2 00 00 00 00 B3 04
17 00 3A 00 91 15 24 00 00 4C 51 88 B2 00 00 00 00 B4 EE 85 B2 00 00 00 00 B4 04
17 00 3A 00 91 15 24 00 00 FD 0D 88 B2 00 00 00 00 03 32 86 B2 00 00 00 00 B5 04
17 00 3A 00 91 15 24 00 00 A4 2E 88 B2 00 00 00 00 5C 11 86 B2 00 00 00 00 B6 04
17 00 3A 00 91 15 24 00 00 11 50 88 B2 00 00 00 00 EF EF 85 B2 00 00 00 00 B7 04
17 00 3A 00 91 15 24 00 00 09 0C 88 B2 00 00 00 00 F7 33 86 B2 00 00 00 00 B8 04
17 00 3A 00 91 15 24 00 00 F7 2D 88 B2 00 00 00 00 09 12 86 B2 00 00 00 00 B9 04
17 00 3A 00 91 15 24 00 00 57 4F 88 B2 00 00 00 00 A9 F0 85 B2 00 00 00 00 BA 04
17 00 3A 00 91 15 24 00 00 DD 0B 88 B2 00 00 00 00 23 34 86 B2 00 00 00 00 BB 04
17 00 3A 00 91 15 24 00 00 27 2D 88 B2 00 00 00 00 D9 12 86 B2 00 00 00 00 BC 04
17 00 3A 00 91 15 24 00 00 51 4F 88 B2 00 00 00 00 AF F0 85 B2 00 00 00 00 BD 04
17 00 3A 00 91 15 24 00 00 E7 0A 88 B2 00 00 00 00 19 35 86 B2 00 00 00 00 BE 04
17 00 3A 00 91 15 24 00 00 C0 2D 88 B2 00 00 00 00 40 12 86 B2 00 00 00 00 BF 04
17 00 3A 00 91 15 24 00 00 26 4F 88 B2 00 00 00 00 DA F0 85 B2 00 00 00 00 C0 04
17 00 3A 00 91 15 24 00 00 31 0C 88 B2 00 00 00 00 CF 33 86 B2 00 00 00 00 C1 04
17 00 3A 00 91 15 24 00 00 D4 2D 88 B2 00 00 00 00 2C 12 86 B2 00 00 00 00 C2 04
17 00 3A 00 91 15 24 00 00 9F 50 88 B2 00 00 00 00 61 EF 85 B2 00 00 00 00 C3 04
17 00 3A 00 91 15 24 00 00 0D 0D 88 B2 00 00 00 00 F3 32 86 B2 00 00 00 00 C4 04
17 00 3A 00 91 15 24 00 00 AB 30 88 B2 00 00 00 00 55 0F 86 B2 00 00 00 00 C5 04
17 00 3A 00 91 15 24 00 00 71 53 88 B2 00 00 00 00 8F EC 85 B2 00 00 00 00 C6 04
17 00 3A 00 91 15 24 00 00 7E 11 88 B2 00 00 00 00 82 2E 86 B2 00 00 00 00 C7 04
17 00 3A 00 91 15 24 00 00 9B 34 88 B2 00 00 00 00 65 0B 86 B2 00 00 00 00 C8 04
17 00 3A 00 91 15 24 00 00 6D 58 88 B2 00 00 00 00 93 E7 85 B2 00 00 00 00 C9 04
17 00 3A 00 91 15 24 00 00 A2 16 88 B2 00 00 00 00 5E 29 86 B2 00 00 00 00 CA 04
17 00 3A 00 91 15 24 00 00 F8 3A 88 B2 00 00 00 00 08 05 86 B2 00 00 00 00 CB 04
17 00 3A 00 91 15 24 00 00 32 5E 88 B2 00 00 00 00 CE E1 85 B2 00 00 00 00 CC 04
17 00 3A 00 91 15 24 00 00 F6 1C 88 B2 00 00 00 00 0A 23 86 B2 00 00 00 00 CD 04
17 00 3A 00 91 15 24 00 00 5E 41 88 B2 00 00 00 00 A2 FE 85 B2 00 00 00 00 CE 04
17 00 3A 00 91 15 24 00 00 05 66 88 B2 00 00 00 00 FB D9 85 B2 00 00 00 00 CF 04
17 00 3A 00 91 15 24 00 00 11 24 88 B2 00 00 00 00 EF 1B 86 B2 00 00 00 00 D0 04
17 00 3A 00 91 15 24 00 00 DD 48 88 B2 00 00 00 00 23 F7 85 B2 00 00 00 00 D1 04
17 00 3A 00 91 15 24 00 00 A3 06 88 B2 00 00 00 00 5D 39 86 B2 00 00 00 00 D2 04
17 00 3A 00 91 15 24 00 00 D8 2A 88 B2 00 00 00 00 28 15 86 B2 00 00 00 00 D3 04
17 00 3A 00 91 15 24 00 00 B1 4E 88 B2 00 00 00 00 4F F1 85 B2 00 00 00 00 D4 04
17 00 3A 00 91 15 24 00 00 24 0D 88 B2 00 00 00 00 DC 32 86 B2 00 00 00 00 D5 04
17 00 3A 00 91 15 24 00 00 01 31 88 B2 00 00 00 00 FF 0E 86 B2 00 00 00 00 D6 04
17 00 3A 00 91 15 24 00 00 1B 55 88 B2 00 00 00 00 E5 EA 85 B2 00 00 00 00 D7 04
17 00 3A 00 91 15 24 00 00 E1 12 88 B2 00 00 00 00 1F 2D 86 B2 00 00 00 00 D8 04
17 00 3A 00 91 15 24 00 00 12 37 88 B2 00 00 00 00 EE 08 86 B2 00 00 00 00 D9 04
17 00 3A 00 91 15 24 00 00 54 5A 88 B2 00 00 00 00 AC E5 85 B2 00 00 00 00 DA 04
17 00 3A 00 91 15 24 00 00 04 19 88 B2 00 00 00 00 FC 26 86 B2 00 00 00 00 DB 04
17 00 3A 00 91 15 24 00 00 39 3C 88 B2 00 00 00 00 C7 03 86 B2 00 00 00 00 DC 04
17 00 3A 00 91 15 24 00 00 9A 60 88 B2 00 00 00 00 66 DF 85 B2 00 00 00 00 DD 04
17 00 3A 00 91 15 24 00 00 32 1E 88 B2 00 00 00 00 CE 21 86 B2 00 00 00 00 DE 04
17 00 3A 00 91 15 24 00 00 29 42 88 B2 00 00 00 00 D7 FD 85 B2 00 00 00 00 DF 04
17 00 3A 00 91 15 24 00 00 A5 65 88 B2 00 00 00 00 5B DA 85 B2 00 00 00 00 E0 04
17 00 3A 00 91 15 24 00 00 09 24 88 B2 00 00 00 00 F7 1B 86 B2 00 00 00 00 E1 04
17 00 3A 00 91 15 24 00 00 A0 47 88 B2 00 00 00 00 60 F8 85 B2 00 00 00 00 E2 04
17 00 3A 00 91 15 24 00 00 5E 6B 88 B2 00 00 00 00 A2 D4 85 B2 00 00 00 00 E3 04
17 00 3A 00 91 15 24 00 00 89 29 88 B2 00 00 00 00 77 16 86 B2 00 00 00 00 E4 04
17 00 3A 00 91 15 24 00 00 50 4D 88 B2 00 00 00 00 B0 F2 85 B2 00 00 00 00 E5 04
17 00 3A 00 91 15 24 00 00 F1 0A 88 B2 00 00 00 00 0F 35 86 B2 00 00 00 00 E6 04
17 00 3A 00 91 15 24 00 00 1D 2F 88 B2 00 00 00 00 E3 10 86 B2 00 00 00 00 E7 04
17 00 3A 00 91 15 24 00 00 03 52 88 B2 00 00 00 00 FD ED 85 B2 00 00 00 00 E8 04
17 00 3A 00 91 15 24 00 00 39 10 88 B2 00 00 00 00 C7 2F 86 B2 00 00 00 00 E9 04
17 00 3A 00 91 15 24 00 00 2B 33 88 B2 00 00 00 00 D5 0C 86 B2 00 00 00 00 EA 04
17 00 3A 00 91 15 24 00 00 5C 57 88 B2 00 00 00 00 A4 E8 85 B2 00 00 00 00 EB 04
17 00 3A 00 91 15 24 00 00 DA 14 88 B2 00 00 00 00 26 2B 86 B2 00 00 00 00 EC 04
17 00 3A 00 91 15 24 00 00 26 39 88 B2 00 00 00 00 DA 06 86 B2 00 00 00 00 ED 04
17 00 3A 00 91 15 24 00 00 35 5C 88 B2 00 00 00 00 CB E3 85 B2 00 00 00 00 EE 04
17 00 3A 00 91 15 24 00 00 7D 1A 88 B2 00 00 00 00 83 25 86 B2 00 00 00 00 EF 04
17 00 3A 00 91 15 24 00 00 97 3D 88 B2 00 00 00 00 69 02 86 B2 00 00 00 00 F0 04
17 00 3A 00 91 15 24 00 00 49 61 88 B2 00 00 00 00 B7 DE 85 B2 00 00 00 00 F1 04
17 00 3A 00 91 15 24 00 00 DE 1E 88 B2 00 00 00 00 22 21 86 B2 00 00 00 00 F2 04
17 00 3A 00 91 15 24 00 00 F9 42 88 B2 00 00 00 00 07 FD 85 B2 00 00 00 00 F3 04
17 00 3A 00 91 15 24 00 00 D1 65 88 B2 00 00 00 00 2F DA 85 B2 00 00 00 00 F4 04
17 00 3A 00 91 15 24 00 00 78 24 88 B2 00 00 00 00 88 1B 86 B2 00 00 00 00 F5 04
17 00 3A 00 91 15 24 00 00 5F 47 88 B2 00 00 00 00 A1 F8 85 B2 00 00 00 00 F6 04
17 00 3A 00 91 15 24 00 00 22 6B 88 B2 00 00 00 00 DE D4 85 B2 00 00 00 00 F7 04
17 00 3A 00 91 15 24 00 00 B0 28 88 B2 00 00 00 00 50 17 86 B2 00 00 00 00 F8 04
17 00 3A 00 91 15 24 00 00 78 4C 88 B2 00 00 00 00 88 F3 85 B2 00 00 00 00 F9 04
17 00 3A 00 91 15 24 00 00 04 0A 88 B2 00 00 00 00 FC 35 86 B2 00 00 00 00 FA 04
17 00 3A 00 91 15 24 00 00 2E 2E 88 B2 00 00 00 00 D2 11 86 B2 00 00 00 00 FB 04
17 00 3A 00 91 15 24 00 00 3C 51 88 B2 00 00 00 00 C4 EE 85 B2 00 00 00 00 FC 04
17 00 3A 00 91 15 24 00 00 14 10 88 B2 00 00 00 00 EC 2F 86 B2 00 00 00 00 FD 04
17 00 3A 00 91 15 24 00 00 6A 33 88 B2 00 00 00 00 96 0C 86 B2 00 00 00 00 FE 04
17 00 3A 00 91 15 24 00 00 E1 57 88 B2 00 00 00 00 1F E8 85 B2 00 00 00 00 FF 04
17 00 3A 00 91 15 24 00 00 F7 15 88 B2 00 00 00 00 09 2A 86 B2 00 00 00 00 00 05
17 00 3A 00 91 15 24 00 00 86 3A 88 B2 00 00 00 00 7A 05 86 B2 00 00 00 00 01 05
17 00 3A 00 91 15 24 00 00 3A 5E 88 B2 00 00 00 00 C6 E1 85 B2 00 00 00 00 02 05
17 00 3A 00 91 15 24 00 00 66 1D 88 B2 00 00 00 00 9A 22 86 B2 00 00 00 00 03 05
17 00 3A 00 91 15 24 00 00 59 41 88 B2 00 00 00 00 A7 FE 85 B2 00 00 00 00 04 05
17 00 3A 00 91 15 24 00 00 9B 66 88 B2 00 00 00 00 65 D9 85 B2 00 00 00 00 05 05
17 00 3A 00 91 15 24 00 00 E9 24 88 B2 00 00 00 00 17 1B 86 B2 00 00 00 00 06 05
17 00 3A 00 91 15 24 00 00 21 4A 88 B2 00 00 00 00 DF F5 85 B2 00 00 00 00 07 05
17 00 3A 00 91 15 24 00 00 95 08 88 B2 00 00 00 00 6B 37 86 B2 00 00 00 00 08 05
17 00 3A 00 91 15 24 00 00 40 2E 88 B2 00 00 00 00 C0 11 86 B2 00 00 00 00 09 05
17 00 3A 00 91 15 24 00 00 7D 52 88 B2 00 00 00 00 83 ED 85 B2 00 00 00 00 0A 05
17 00 3A 00 91 15 24 00 00 43 12 88 B2 00 00 00 00 BD 2D 86 B2 00 00 00 00 0B 05
17 00 3A 00 91 15 24 00 00 1B 37 88 B2 00 00 00 00 E5 08 86 B2 00 00 00 00 0C 05
17 00 3A 00 91 15 24 00 00 CF 5C 88 B2 00 00 00 00 31 E3 85 B2 00 00 00 00 0D 05
17 00 3A 00 91 15 24 00 00 BF 1B 88 B2 00 00 00 00 41 24 86 B2 00 00 00 00 0E 05
17 00 3A 00 91 15 24 00 00 7A 41 88 B2 00 00 00 00 86 FE 85 B2 00 00 00 00 0F 05
17 00 3A 00 91 15 24 00 00 1D 66 88 B2 00 00 00 00 E3 D9 85 B2 00 00 00 00 10 05
17 00 3A 00 91 15 24 00 00 15 26 88 B2 00 00 00 00 EB 19 86 B2 00 00 00 00 11 05
17 00 3A 00 91 15 24 00 00 45 4B 88 B2 00 00 00 00 BB F4 85 B2 00 00 00 00 12 05
17 00 3A 00 91 15 24 00 00 97 0B 88 B2 00 00 00 00 69 34 86 B2 00 00 00 00 13 05
17 00 3A 00 91 15 24 00 00 E5 30 88 B2 00 00 00 00 1B 0F 86 B2 00 00 00 00 14 05
17 00 3A 00 91 15 24 00 00 6C 56 88 B2 00 00 00 00 94 E9 85 B2 00 00 00 00 15 05
17 00 3A 00 91 15 24 00 00 56 16 88 B2 00 00 00 00 AA 29 86 B2 00 00 00 00 16 05
17 00 3A 00 91 15 24 00 00 9C 3C 88 B2 00 00 00 00 64 03 86 B2 00 00 00 00 17 05
17 00 3A 00 91 15 24 00 00 51 61 88 B2 00 00 00 00 AF DE 85 B2 00 00 00 00 18 05
17 00 3A 00 91 15 24 00 00 C1 21 88 B2 00 00 00 00 3F 1E 86 B2 00 00 00 00 19 05
17 00 3A 00 91 15 24 00 00 D8 46 88 B2 00 00 00 00 28 F9 85 B2 00 00 00 00 1A 05
17 00 3A 00 91 15 24 00 00 5E 07 88 B2 00 00 00 00 A2 38 86 B2 00 00 00 00 1B 05
17 00 3A 00 91 15 24 00 00 4B 2C 88 B2 00 00 00 00 B5 13 86 B2 00 00 00 00 1C 05
17 00 3A 00 91 15 24 00 00 00 52 88 B2 00 00 00 00 00 EE 85 B2 00 00 00 00 1D 05
17 00 3A 00 91 15 24 00 00 F8 11 88 B2 00 00 00 00 08 2E 86 B2 00 00 00 00 1E 05
17 00 3A 00 91 15 24 00 00 02 38 88 B2 00 00 00 00 FE 07 86 B2 00 00 00 00 1F 05
17 00 3A 00 91 15 24 00 00 D9 5C 88 B2 00 00 00 00 27 E3 85 B2 00 00 00 00 20 05
17 00 3A 00 91 15 24 00 00 0A 1D 88 B2 00 00 00 00 F6 22 86 B2 00 00 00 00 21 05
17 00 3A 00 91 15 24 00 00 13 42 88 B2 00 00 00 00 ED FD 85 B2 00 00 00 00 22 05
17 00 3A 00 91 15 24 00 00 37 67 88 B2 00 00 00 00 C9 D8 85 B2 00 00 00 00 23 05
17 00 3A 00 91 15 24 00 00 CE 26 88 B2 00 00 00 00 32 19 86 B2 00 00 00 00 24 05
17 00 3A 00 91 15 24 00 00 0D 4C 88 B2 00 00 00 00 F3 F3 85 B2 00 00 00 00 25 05
17 00 3A 00 91 15 24 00 00 A2 0B 88 B2 00 00 00 00 5E 34 86 B2 00 00 00 00 26 05
17 00 3A 00 91 15 24 00 00 E2 30 88 B2 00 00 00 00 1E 0F 86 B2 00 00 00 00 27 05
17 00 3A 00 91 15 24 00 00 D6 55 88 B2 00 00 00 00 2A EA 85 B2 00 00 00 00 28 05
17 00 3A 00 91 15 24 00 00 D2 15 88 B2 00 00 00 00 2E 2A 86 B2 00 00 00 00 29 05
17 00 3A 00 91 15 24 00 00 72 3A 88 B2 00 00 00 00 8E 05 86 B2 00 00 00 00 2A 05
17 00 3A 00 91 15 24 00 00 F4 5F 88 B2 00 00 00 00 0C E0 85 B2 00 00 00 00 2B 05
17 00 3A 00 91 15 24 00 00 F5 1E 88 B2 00 00 00 00 0B 21 86 B2 00 00 00 00 2C 05
17 00 3A 00 91 15 24 00 00 91 44 88 B2 00 00 00 00 6F FB 85 B2 00 00 00 00 2D 05
17 00 3A 00 91 15 24 00 00 06 69 88 B2 00 00 00 00 FA D6 85 B2 00 00 00 00 2E 05
17 00 3A 00 91 15 24 00 00 D8 28 88 B2 00 00 00 00 28 17 86 B2 00 00 00 00 2F 05
17 00 3A 00 91 15 24 00 00 79 4D 88 B2 00 00 00 00 87 F2 85 B2 00 00 00 00 30 05
17 00 3A 00 91 15 24 00 00 73 0D 88 B2 00 00 00 00 8D 32 86 B2 00 00 00 00 31 05
17 00 3A 00 91 15 24 00 00 D3 31 88 B2 00 00 00 00 2D 0E 86 B2 00 00 00 00 32 05
17 00 3A 00 91 15 24 00 00 79 56 88 B2 00 00 00 00 87 E9 85 B2 00 00 00 00 33 05
17 00 3A 00 91 15 24 00 00 A1 15 88 B2 00 00 00 00 5F 2A 86 B2 00 00 00 00 34 05
17 00 3A 00 91 15 24 00 00 8A 3A 88 B2 00 00 00 00 76 05 86 B2 00 00 00 00 35 05
17 00 3A 00 91 15 24 00 00 27 5F 88 B2 00 00 00 00 D9 E0 85 B2 00 00 00 00 36 05
17 00 3A 00 91 15 24 00 00 AA 1E 88 B2 00 00 00 00 56 21 86 B2 00 00 00 00 37 05
17 00 3A 00 91 15 24 00 00 FF 42 88 B2 00 00 00 00 01 FD 85 B2 00 00 00 00 38 05
17 00 3A 00 91 15 24 00 00 45 68 88 B2 00 00 00 00 BB D7 85 B2 00 00 00 00 39 05
17 00 3A 00 91 15 24 00 00 C5 26 88 B2 00 00 00 00 3B 19 86 B2 00 00 00 00 3A 05
17 00 3A 00 91 15 24 00 00 E2 4B 88 B2 00 00 00 00 1E F4 85 B2 00 00 00 00 3B 05
17 00 3A 00 91 15 24 00 00 7D 0A 88 B2 00 00 00 00 83 35 86 B2 00 00 00 00 3C 05
17 00 3A 00 91 15 24 00 00 59 2F 88 B2 00 00 00 00 A7 10 86 B2 00 00 00 00 3D 05
17 00 3A 00 91 15 24 00 00 79 53 88 B2 00 00 00 00 87 EC 85 B2 00 00 00 00 3E 05
17 00 3A 00 91 15 24 00 00 D7 12 88 B2 00 00 00 00 29 2D 86 B2 00 00 00 00 3F 05
17 00 3A 00 91 15 24 00 00 F6 36 88 B2 00 00 00 00 0A 09 86 B2 00 00 00 00 40 05
17 00 3A 00 91 15 24 00 00 07 5C 88 B2 00 00 00 00 F9 E3 85 B2 00 00 00 00 41 05
17 00 3A 00 91 15 24 00 00 59 1A 88 B2 00 00 00 00 A7 25 86 B2 00 00 00 00 42 05
17 00 3A 00 91 15 24 00 00 10 3F 88 B2 00 00 00 00 F0 00 86 B2 00 00 00 00 43 05
17 00 3A 00 91 15 24 00 00 BF 62 88 B2 00 00 00 00 41 DD 85 B2 00 00 00 00 44 05
17 00 3A 00 91 15 24 00 00 4B 22 88 B2 00 00 00 00 B5 1D 86 B2 00 00 00 00 45 05
17 00 3A 00 91 15 24 00 00 ED 45 88 B2 00 00 00 00 13 FA 85 B2 00 00 00 00 46 05
17 00 3A 00 91 15 24 00 00 58 6B 88 B2 00 00 00 00 A8 D4 85 B2 00 00 00 00 47 05
17 00 3A 00 91 15 24 00 00 F5 28 88 B2 00 00 00 00 0B 17 86 B2 00 00 00 00 48 05
17 00 3A 00 91 15 24 00 00 F5 4D 88 B2 00 00 00 00 0B F2 85 B2 00 00 00 00 49 05
17 00 3A 00 91 15 24 00 00 0A 0C 88 B2 00 00 00 00 F6 33 86 B2 00 00 00 00 4A 05
17 00 3A 00 91 15 24 00 00 E9 30 88 B2 00 00 00 00 17 0F 86 B2 00 00 00 00 4B 05
17 00 3A 00 91 15 24 00 00 CA 54 88 B2 00 00 00 00 36 EB 85 B2 00 00 00 00 4C 05
17 00 3A 00 91 15 24 00 00 49 14 88 B2 00 00 00 00 B7 2B 86 B2 00 00 00 00 4D 05
17 00 3A 00 91 15 24 00 00 0B 38 88 B2 00 00 00 00 F5 07 86 B2 00 00 00 00 4E 05
17 00 3A 00 91 15 24 00 00 FF 5C 88 B2 00 00 00 00 01 E3 85 B2 00 00 00 00 4F 05
17 00 3A 00 91 15 24 00 00 FA 1A 88 B2 00 00 00 00 06 25 86 B2 00 00 00 00 50 05
17 00 3A 00 91 15 24 00 00 C4 3F 88 B2 00 00 00 00 3C 00 86 B2 00 00 00 00 51 05
17 00 3A 00 91 15 24 00 00 CA 63 88 B2 00 00 00 00 36 DC 85 B2 00 00 00 00 52 05
17 00 3A 00 91 15 24 00 00 D2 22 88 B2 00 00 00 00 2E 1D 86 B2 00 00 00 00 53 05
17 00 3A 00 91 15 24 00 00 BA 46 88 B2 00 00 00 00 46 F9 85 B2 00 00 00 00 54 05
08 00 3A 00 91 06 29 04 A1 1F 00 00
17 00 3A 00 91 15 24 00 00 FD 6A 88 B2 00 00 00 00 03 D5 85 B2 00 00 00 00 55 05
17 00 3A 00 91 15 24 00 00 93 29 88 B2 00 00 00 00 6D 16 86 B2 00 00 00 00 56 05
17 00 3A 00 91 15 24 00 00 2C 4E 88 B2 00 00 00 00 D4 F1 85 B2 00 00 00 00 57 05
17 00 3A 00 91 15 24 00 00 75 0C 88 B2 00 00 00 00 8B 33 86 B2 00 00 00 00 58 05
17 00 3A 00 91 15 24 00 00 20 31 88 B2 00 00 00 00 E0 0E 86 B2 00 00 00 00 59 05
17 00 3A 00 91 15 24 00 00 22 55 88 B2 00 00 00 00 DE EA 85 B2 00 00 00 00 5A 05
17 00 3A 00 91 15 24 00 00 03 14 88 B2 00 00 00 00 FD 2B 86 B2 00 00 00 00 5B 05
17 00 3A 00 91 15 24 00 00 A1 37 88 B2 00 00 00 00 5F 08 86 B2 00 00 00 00 5C 05
17 00 3A 00 91 15 24 00 00 B4 5C 88 B2 00 00 00 00 4C E3 85 B2 00 00 00 00 5D 05
17 00 3A 00 91 15 24 00 00 96 1A 88 B2 00 00 00 00 6A 25 86 B2 00 00 00 00 5E 05
17 00 3A 00 91 15 24 00 00 98 3F 88 B2 00 00 00 00 68 00 86 B2 00 00 00 00 5F 05
17 00 3A 00 91 15 24 00 00 F1 62 88 B2 00 00 00 00 0F DD 85 B2 00 00 00 00 60 05
17 00 3A 00 91 15 24 00 00 0B 22 88 B2 00 00 00 00 F5 1D 86 B2 00 00 00 00 61 05
17 00 3A 00 91 15 24 00 00 FB 44 88 B2 00 00 00 00 05 FB 85 B2 00 00 00 00 62 05
17 00 3A 00 91 15 24 00 00 CB 69 88 B2 00 00 00 00 35 D6 85 B2 00 00 00 00 63 05
17 00 3A 00 91 15 24 00 00 59 27 88 B2 00 00 00 00 A7 18 86 B2 00 00 00 00 64 05
17 00 3A 00 91 15 24 00 00 36 4C 88 B2 00 00 00 00 CA F3 85 B2 00 00 00 00 65 05
17 00 3A 00 91 15 24 00 00 CD 09 88 B2 00 00 00 00 33 36 86 B2 00 00 00 00 66 05
17 00 3A 00 91 15 24 00 00 59 2E 88 B2 00 00 00 00 A7 11 86 B2 00 00 00 00 67 05
17 00 3A 00 91 15 24 00 00 D1 51 88 B2 00 00 00 00 2F EE 85 B2 00 00 00 00 68 05
17 00 3A 00 91 15 24 00 00 5F 10 88 B2 00 00 00 00 A1 2F 86 B2 00 00 00 00 69 05
17 00 3A 00 91 15 24 00 00 BD 33 88 B2 00 00 00 00 43 0C 86 B2 00 00 00 00 6A 05
17 00 3A 00 91 15 24 00 00 71 58 88 B2 00 00 00 00 8F E7 85 B2 00 00 00 00 6B 05
17 00 3A 00 91 15 24 00 00 10 16 88 B2 00 00 00 00 F0 29 86 B2 00 00 00 00 6C 05
17 00 3A 00 91 15 24 00 00 77 3A 88 B2 00 00 00 00 89 05 86 B2 00 00 00 00 6D 05
17 00 3A 00 91 15 24 00 00 CB 5D 88 B2 00 00 00 00 35 E2 85 B2 00 00 00 00 6E 05
17 00 3A 00 91 15 24 00 00 8A 1C 88 B2 00 00 00 00 76 23 86 B2 00 00 00 00 6F 05
17 00 3A 00 91 15 24 00 00 C1 3F 88 B2 00 00 00 00 3F 00 86 B2 00 00 00 00 70 05
17 00 3A 00 91 15 24 00 00 FB 63 88 B2 00 00 00 00 05 DC 85 B2 00 00 00 00 71 05
17 00 3A 00 91 15 24 00 00 AF 21 88 B2 00 00 00 00 51 1E 86 B2 00 00 00 00 72 05
17 00 3A 00 91 15 24 00 00 BF 45 88 B2 00 00 00 00 41 FA 85 B2 00 00 00 00 73 05
17 00 3A 00 91 15 24 00 00 E1 68 88 B2 00 00 00 00 1F D7 85 B2 00 00 00 00 74 05
17 00 3A 00 91 15 24 00 00 76 27 88 B2 00 00 00 00 8A 18 86 B2 00 00 00 00 75 05
17 00 3A 00 91 15 24 00 00 89 4A 88 B2 00 00 00 00 77 F5 85 B2 00 00 00 00 76 05
17 00 3A 00 91 15 24 00 00 30 09 88 B2 00 00 00 00 D0 36 86 B2 00 00 00 00 77 05
17 00 3A 00 91 15 24 00 00 28 2C 88 B2 00 00 00 00 D8 13 86 B2 00 00 00 00 78 05
17 00 3A 00 91 15 24 00 00 1E 50 88 B2 00 00 00 00 E2 EF 85 B2 00 00 00 00 79 05
17 00 3A 00 91 15 24 00 00 A7 0D 88 B2 00 00 00 00 59 32 86 B2 00 00 00 00 7A 05
17 00 3A 00 91 15 24 00 00 F4 30 88 B2 00 00 00 00 0C 0F 86 B2 00 00 00 00 7B 05
17 00 3A 00 91 15 24 00 00 B1 54 88 B2 00 00 00 00 4F EB 85 B2 00 00 00 00 7C 05
17 00 3A 00 91 15 24 00 00 3C 13 88 B2 00 00 00 00 C4 2C 86 B2 00 00 00 00 7D 05
17 00 3A 00 91 15 24 00 00 1E 36 88 B2 00 00 00 00 E2 09 86 B2 00 00 00 00 7E 05
17 00 3A 00 91 15 24 00 00 9F 59 88 B2 00 00 00 00 61 E6 85 B2 00 00 00 00 7F 05
17 00 3A 00 91 15 24 00 00 6B 17 88 B2 00 00 00 00 95 28 86 B2 00 00 00 00 80 05
17 00 3A 00 91 15 24 00 00 81 3B 88 B2 00 00 00 00 7F 04 86 B2 00 00 00 00 81 05
17 00 3A 00 91 15 24 00 00 4F 5E 88 B2 00 00 00 00 B1 E1 85 B2 00 00 00 00 82 05
17 00 3A 00 91 15 24 00 00 76 1C 88 B2 00 00 00 00 8A 23 86 B2 00 00 00 00 83 05
17 00 3A 00 91 15 24 00 00 64 3F 88 B2 00 00 00 00 9C 00 86 B2 00 00 00 00 84 05
17 00 3A 00 91 15 24 00 00 08 63 88 B2 00 00 00 00 F8 DC 85 B2 00 00 00 00 85 05
17 00 3A 00 91 15 24 00 00 6D 20 88 B2 00 00 00 00 93 1F 86 B2 00 00 00 00 86 05
17 00 3A 00 91 15 24 00 00 03 44 88 B2 00 00 00 00 FD FB 85 B2 00 00 00 00 87 05
17 00 3A 00 91 15 24 00 00 E7 66 88 B2 00 00 00 00 19 D9 85 B2 00 00 00 00 88 05
17 00 3A 00 91 15 24 00 00 0E 25 88 B2 00 00 00 00 F2 1A 86 B2 00 00 00 00 89 05
17 00 3A 00 91 15 24 00 00 4F 48 88 B2 00 00 00 00 B1 F7 85 B2 00 00 00 00 8A 05
17 00 3A 00 91 15 24 00 00 E5 6B 88 B2 00 00 00 00 1B D4 85 B2 00 00 00 00 8B 05
17 00 3A 00 91 15 24 00 00 9D 29 88 B2 00 00 00 00 63 16 86 B2 00 00 00 00 8C 05
17 00 3A 00 91 15 24 00 00 BE 4D 88 B2 00 00 00 00 42 F2 85 B2 00 00 00 00 8D 05
17 00 3A 00 91 15 24 00 00 28 0B 88 B2 00 00 00 00 D8 34 86 B2 00 00 00 00 8E 05
17 00 3A 00 91 15 24 00 00 4D 2F 88 B2 00 00 00 00 B3 10 86 B2 00 00 00 00 8F 05
17 00 3A 00 91 15 24 00 00 C5 52 88 B2 00 00 00 00 3B ED 85 B2 00 00 00 00 90 05
17 00 3A 00 91 15 24 00 00 96 11 88 B2 00 00 00 00 6A 2E 86 B2 00 00 00 00 91 05
17 00 3A 00 91 15 24 00 00 1E 35 88 B2 00 00 00 00 E2 0A 86 B2 00 00 00 00 92 05
17 00 3A 00 91 15 24 00 00 3E 59 88 B2 00 00 00 00 C2 E6 85 B2 00 00 00 00 93 05
17 00 3A 00 91 15 24 00 00 4F 17 88 B2 00 00 00 00 B1 28 86 B2 00 00 00 00 94 05
17 00 3A 00 91 15 24 00 00 8B 3B 88 B2 00 00 00 00 75 04 86 B2 00 00 00 00 95 05
17 00 3A 00 91 15 24 00 00 6C 5F 88 B2 00 00 00 00 94 E0 85 B2 00 00 00 00 96 05
17 00 3A 00 91 15 24 00 00 0F 1E 88 B2 00 00 00 00 F1 21 86 B2 00 00 00 00 97 05
17 00 3A 00 91 15 24 00 00 5C 41 88 B2 00 00 00 00 A4 FE 85 B2 00 00 00 00 98 05
17 00 3A 00 91 15 24 00 00 FD 65 88 B2 00 00 00 00 03 DA 85 B2 00 00 00 00 99 05
17 00 3A 00 91 15 24 00 00 6F 23 88 B2 00 00 00 00 91 1C 86 B2 00 00 00 00 9A 05
17 00 3A 00 91 15 24 00 00 74 47 88 B2 00 00 00 00 8C F8 85 B2 00 00 00 00 9B 05
17 00 3A 00 91 15 24 00 00 4C 6B 88 B2 00 00 00 00 B4 D4 85 B2 00 00 00 00 9C 05
17 00 3A 00 91 15 24 00 00 D6 29 88 B2 00 00 00 00 2A 16 86 B2 00 00 00 00 9D 05
17 00 3A 00 91 15 24 00 00 50 4D 88 B2 00 00 00 00 B0 F2 85 B2 00 00 00 00 9E 05
17 00 3A 00 91 15 24 00 00 E1 0B 88 B2 00 00 00 00 1F 34 86 B2 00 00 00 00 9F 05
17 00 3A 00 91 15 24 00 00 D6 2E 88 B2 00 00 00 00 2A 11 86 B2 00 00 00 00 A0 05
17 00 3A 00 91 15 24 00 00 30 53 88 B2 00 00 00 00 D0 EC 85 B2 00 00 00 00 A1 05
17 00 3A 00 91 15 24 00 00 73 10 88 B2 00 00 00 00 8D 2F 86 B2 00 00 00 00 A2 05
17 00 3A 00 91 15 24 00 00 C1 34 88 B2 00 00 00 00 3F 0B 86 B2 00 00 00 00 A3 05
17 00 3A 00 91 15 24 00 00 A5 57 88 B2 00 00 00 00 5B E8 85 B2 00 00 00 00 A4 05
17 00 3A 00 91 15 24 00 00 EB 15 88 B2 00 00 00 00 15 2A 86 B2 00 00 00 00 A5 05
17 00 3A 00 91 15 24 00 00 F3 38 88 B2 00 00 00 00 0D 07 86 B2 00 00 00 00 A6 05
17 00 3A 00 91 15 24 00 00 ED 5C 88 B2 00 00 00 00 13 E3 85 B2 00 00 00 00 A7 05
17 00 3A 00 91 15 24 00 00 43 1A 88 B2 00 00 00 00 BD 25 86 B2 00 00 00 00 A8 05
17 00 3A 00 91 15 24 00 00 F3 3D 88 B2 00 00 00 00 0D 02 86 B2 00 00 00 00 A9 05
17 00 3A 00 91 15 24 00 00 DC 60 88 B2 00 00 00 00 24 DF 85 B2 00 00 00 00 AA 05
17 00 3A 00 91 15 24 00 00 65 1F 88 B2 00 00 00 00 9B 20 86 B2 00 00 00 00 AB 05
17 00 3A 00 91 15 24 00 00 5B 42 88 B2 00 00 00 00 A5 FD 85 B2 00 00 00 00 AC 05
17 00 3A 00 91 15 24 00 00 46 66 88 B2 00 00 00 00 BA D9 85 B2 00 00 00 00 AD 05
17 00 3A 00 91 15 24 00 00 EE 23 88 B2 00 00 00 00 12 1C 86 B2 00 00 00 00 AE 05
17 00 3A 00 91 15 24 00 00 11 48 88 B2 00 00 00 00 EF F7 85 B2 00 00 00 00 AF 05
17 00 3A 00 91 15 24 00 00 D9 6A 88 B2 00 00 00 00 27 D5 85 B2 00 00 00 00 B0 05
17 00 3A 00 91 15 24 00 00 40 29 88 B2 00 00 00 00 C0 16 86 B2 00 00 00 00 B1 05
17 00 3A 00 91 15 24 00 00 A8 4C 88 B2 00 00 00 00 58 F3 85 B2 00 00 00 00 B2 05
17 00 3A 00 91 15 24 00 00 63 0B 88 B2 00 00 00 00 9D 34 86 B2 00 00 00 00 B3 05
17 00 3A 00 91 15 24 00 00 BB 2E 88 B2 00 00 00 00 45 11 86 B2 00 00 00 00 B4 05
17 00 3A 00 91 15 24 00 00 36 53 88 B2 00 00 00 00 CA EC 85 B2 00 00 00 00 B5 05
17 00 3A 00 91 15 24 00 00 60 11 88 B2 00 00 00 00 A0 2E 86 B2 00 00 00 00 B6 05
17 00 3A 00 91 15 24 00 00 05 36 88 B2 00 00 00 00 FB 09 86 B2 00 00 00 00 B7 05
17 00 3A 00 91 15 24 00 00 01 5A 88 B2 00 00 00 00 FF E5 85 B2 00 00 00 00 B8 05
17 00 3A 00 91 15 24 00 00 D8 18 88 B2 00 00 00 00 28 27 86 B2 00 00 00 00 B9 05
17 00 3A 00 91 15 24 00 00 CB 3C 88 B2 00 00 00 00 35 03 86 B2 00 00 00 00 BA 05
17 00 3A 00 91 15 24 00 00 82 61 88 B2 00 00 00 00 7E DE 85 B2 00 00 00 00 BB 05
17 00 3A 00 91 15 24 00 00 FA 1F 88 B2 00 00 00 00 06 20 86 B2 00 00 00 00 BC 05
17 00 3A 00 91 15 24 00 00 E6 44 88 B2 00 00 00 00 1A FB 85 B2 00 00 00 00 BD 05
17 00 3A 00 91 15 24 00 00 2A 69 88 B2 00 00 00 00 D6 D6 85 B2 00 00 00 00 BE 05
17 00 3A 00 91 15 24 00 00 58 28 88 B2 00 00 00 00 A8 17 86 B2 00 00 00 00 BF 05
17 00 3A 00 91 15 24 00 00 38 4C 88 B2 00 00 00 00 C8 F3 85 B2 00 00 00 00 C0 05
17 00 3A 00 91 15 24 00 00 94 0B 88 B2 00 00 00 00 6C 34 86 B2 00 00 00 00 C1 05
17 00 3A 00 91 15 24 00 00 75 2F 88 B2 00 00 00 00 8B 10 86 B2 00 00 00 00 C2 05
17 00 3A 00 91 15 24 00 00 EE 53 88 B2 00 00 00 00 12 EC 85 B2 00 00 00 00 C3 05
17 00 3A 00 91 15 24 00 00 3B 12 88 B2 00 00 00 00 C5 2D 86 B2 00 00 00 00 C4 05
17 00 3A 00 91 15 24 00 00 00 37 88 B2 00 00 00 00 00 09 86 B2 00 00 00 00 C5 05
17 00 3A 00 91 15 24 00 00 D5 5A 88 B2 00 00 00 00 2B E5 85 B2 00 00 00 00 C6 05
17 00 3A 00 91 15 24 00 00 EF 19 88 B2 00 00 00 00 11 26 86 B2 00 00 00 00 C7 05
17 00 3A 00 91 15 24 00 00 6A 3D 88 B2 00 00 00 00 96 02 86 B2 00 00 00 00 C8 05
17 00 3A 00 91 15 24 00 00 12 62 88 B2 00 00 00 00 EE DD 85 B2 00 00 00 00 C9 05
17 00 3A 00 91 15 24 00 00 35 20 88 B2 00 00 00 00 CB 1F 86 B2 00 00 00 00 CA 05
17 00 3A 00 91 15 24 00 00 87 44 88 B2 00 00 00 00 79 FB 85 B2 00 00 00 00 CB 05
17 00 3A 00 91 15 24 00 00 66 68 88 B2 00 00 00 00 9A D7 85 B2 00 00 00 00 CC 05
17 00 3A 00 91 15 24 00 00 99 27 88 B2 00 00 00 00 67 18 86 B2 00 00 00 00 CD 05
17 00 3A 00 91 15 24 00 00 5E 4B 88 B2 00 00 00 00 A2 F4 85 B2 00 00 00 00 CE 05
17 00 3A 00 91 15 24 00 00 4C 0A 88 B2 00 00 00 00 B4 35 86 B2 00 00 00 00 CF 05
17 00 3A 00 91 15 24 00 00 C9 2D 88 B2 00 00 00 00 37 12 86 B2 00 00 00 00 D0 05
17 00 3A 00 91 15 24 00 00 FF 51 88 B2 00 00 00 00 01 EE 85 B2 00 00 00 00 D1 05
17 00 3A 00 91 15 24 00 00 28 10 88 B2 00 00 00 00 D8 2F 86 B2 00 00 00 00 D2 05
17 00 3A 00 91 15 24 00 00 11 34 88 B2 00 00 00 00 EF 0B 86 B2 00 00 00 00 D3 05
17 00 3A 00 91 15 24 00 00 DC 57 88 B2 00 00 00 00 24 E8 85 B2 00 00 00 00 D4 05
17 00 3A 00 91 15 24 00 00 83 16 88 B2 00 00 00 00 7D 29 86 B2 00 00 00 00 D5 05
17 00 3A 00 91 15 24 00 00 E9 39 88 B2 00 00 00 00 17 06 86 B2 00 00 00 00 D6 05
17 00 3A 00 91 15 24 00 00 C1 5D 88 B2 00 00 00 00 3F E2 85 B2 00 00 00 00 D7 05
17 00 3A 00 91 15 24 00 00 ED 1B 88 B2 00 00 00 00 13 24 86 B2 00 00 00 00 D8 05
17 00 3A 00 91 15 24 00 00 5F 40 88 B2 00 00 00 00 A1 FF 85 B2 00 00 00 00 D9 05
17 00 3A 00 91 15 24 00 00 BE 63 88 B2 00 00 00 00 42 DC 85 B2 00 00 00 00 DA 05
17 00 3A 00 91 15 24 00 00 3F 22 88 B2 00 00 00 00 C1 1D 86 B2 00 00 00 00 DB 05
17 00 3A 00 91 15 24 00 00 CE 45 88 B2 00 00 00 00 32 FA 85 B2 00 00 00 00 DC 05
17 00 3A 00 91 15 24 00 00 54 6A 88 B2 00 00 00 00 AC D5 85 B2 00 00 00 00 DD 05
17 00 3A 00 91 15 24 00 00 E7 27 88 B2 00 00 00 00 19 18 86 B2 00 00 00 00 DE 05
17 00 3A 00 91 15 24 00 00 FB 4B 88 B2 00 00 00 00 05 F4 85 B2 00 00 00 00 DF 05
17 00 3A 00 91 15 24 00 00 F1 09 88 B2 00 00 00 00 0F 36 86 B2 00 00 00 00 E0 05
17 00 3A 00 91 15 24 00 00 F2 2D 88 B2 00 00 00 00 0E 12 86 B2 00 00 00 00 E1 05
17 00 3A 00 91 15 24 00 00 5E 51 88 B2 00 00 00 00 A2 EE 85 B2 00 00 00 00 E2 05
17 00 3A 00 91 15 24 00 00 C3 0F 88 B2 00 00 00 00 3D 30 86 B2 00 00 00 00 E3 05
17 00 3A 00 91 15 24 00 00 F6 32 88 B2 00 00 00 00 0A 0D 86 B2 00 00 00 00 E4 05
17 00 3A 00 91 15 24 00 00 0F 57 88 B2 00 00 00 00 F1 E8 85 B2 00 00 00 00 E5 05
17 00 3A 00 91 15 24 00 00 4A 14 88 B2 00 00 00 00 B6 2B 86 B2 00 00 00 00 E6 05
17 00 3A 00 91 15 24 00 00 AC 38 88 B2 00 00 00 00 54 07 86 B2 00 00 00 00 E7 05
17 00 3A 00 91 15 24 00 00 BA 5B 88 B2 00 00 00 00 46 E4 85 B2 00 00 00 00 E8 05
17 00 3A 00 91 15 24 00 00 65 19 88 B2 00 00 00 00 9B 26 86 B2 00 00 00 00 E9 05
17 00 3A 00 91 15 24 00 00 5E 3D 88 B2 00 00 00 00 A2 02 86 B2 00 00 00 00 EA 05
17 00 3A 00 91 15 24 00 00 52 61 88 B2 00 00 00 00 AE DE 85 B2 00 00 00 00 EB 05
17 00 3A 00 91 15 24 00 00 41 1F 88 B2 00 00 00 00 BF 20 86 B2 00 00 00 00 EC 05
17 00 3A 00 91 15 24 00 00 58 43 88 B2 00 00 00 00 A8 FC 85 B2 00 00 00 00 ED 05
17 00 3A 00 91 15 24 00 00 61 66 88 B2 00 00 00 00 9F D9 85 B2 00 00 00 00 EE 05
17 00 3A 00 91 15 24 00 00 9C 24 88 B2 00 00 00 00 64 1B 86 B2 00 00 00 00 EF 05
17 00 3A 00 91 15 24 00 00 CA 47 88 B2 00 00 00 00 36 F8 85 B2 00 00 00 00 F0 05
17 00 3A 00 91 15 24 00 00 AA 6B 88 B2 00 00 00 00 56 D4 85 B2 00 00 00 00 F1 05
17 00 3A 00 91 15 24 00 00 54 29 88 B2 00 00 00 00 AC 16 86 B2 00 00 00 00 F2 05
17 00 3A 00 91 15 24 00 00 35 4D 88 B2 00 00 00 00 CB F2 85 B2 00 00 00 00 F3 05
17 00 3A 00 91 15 24 00 00 56 0A 88 B2 00 00 00 00 AA 35 86 B2 00 00 00 00 F4 05
17 00 3A 00 91 15 24 00 00 E7 2D 88 B2 00 00 00 00 19 12 86 B2 00 00 00 00 F5 05
17 00 3A 00 91 15 24 00 00 24 51 88 B2 00 00 00 00 DC EE 85 B2 00 00 00 00 F6 05
17 00 3A 00 91 15 24 00 00 4F 0F 88 B2 00 00 00 00 B1 30 86 B2 00 00 00 00 F7 05
17 00 3A 00 91 15 24 00 00 1D 32 88 B2 00 00 00 00 E3 0D 86 B2 00 00 00 00 F8 05
17 00 3A 00 91 15 24 00 00 A2 55 88 B2 00 00 00 00 5E EA 85 B2 00 00 00 00 F9 05
17 00 3A 00 91 15 24 00 00 13 13 88 B2 00 00 00 00 ED 2C 86 B2 00 00 00 00 FA 05
17 00 3A 00 91 15 24 00 00 D9 36 88 B2 00 00 00 00 27 09 86 B2 00 00 00 00 FB 05
17 00 3A 00 91 15 24 00 00 BD 59 88 B2 00 00 00 00 43 E6 85 B2 00 00 00 00 FC 05
17 00 3A 00 91 15 24 00 00 CD 17 88 B2 00 00 00 00 33 28 86 B2 00 00 00 00 FD 05
17 00 3A 00 91 15 24 00 00 D8 3A 88 B2 00 00 00 00 28 05 86 B2 00 00 00 00 FE 05
17 00 3A 00 91 15 24 00 00 74 5E 88 B2 00 00 00 00 8C E1 85 B2 00 00 00 00 FF 05
17 00 3A 00 91 15 24 00 00 0E 1C 88 B2 00 00 00 00 F2 23 86 B2 00 00 00 00 00 06
17 00 3A 00 91 15 24 00 00 85 3F 88 B2 00 00 00 00 7B 00 86 B2 00 00 00 00 01 06
17 00 3A 00 91 15 24 00 00 D4 61 88 B2 00 00 00 00 2C DE 85 B2 00 00 00 00 02 06
17 00 3A 00 91 15 24 00 00 22 20 88 B2 00 00 00 00 DE 1F 86 B2 00 00 00 00 03 06
17 00 3A 00 91 15 24 00 00 EB 42 88 B2 00 00 00 00 15 FD 85 B2 00 00 00 00 04 06
17 00 3A 00 91 15 24 00 00 5F 66 88 B2 00 00 00 00 A1 D9 85 B2 00 00 00 00 05 06
17 00 3A 00 91 15 24 00 00 5B 23 88 B2 00 00 00 00 A5 1C 86 B2 00 00 00 00 06 06
17 00 3A 00 91 15 24 00 00 0C 47 88 B2 00 00 00 00 F4 F8 85 B2 00 00 00 00 07 06
17 00 3A 00 91 15 24 00 00 DE 69 88 B2 00 00 00 00 22 D6 85 B2 00 00 00 00 08 06
17 00 3A 00 91 15 24 00 00 D4 27 88 B2 00 00 00 00 2C 18 86 B2 00 00 00 00 09 06
17 00 3A 00 91 15 24 00 00 74 4A 88 B2 00 00 00 00 8C F5 85 B2 00 00 00 00 0A 06
17 00 3A 00 91 15 24 00 00 95 08 88 B2 00 00 00 00 6B 37 86 B2 00 00 00 00 0B 06
17 00 3A 00 91 15 24 00 00 89 2B 88 B2 00 00 00 00 77 14 86 B2 00 00 00 00 0C 06
17 00 3A 00 91 15 24 00 00 BA 4E 88 B2 00 00 00 00 46 F1 85 B2 00 00 00 00 0D 06
17 00 3A 00 91 15 24 00 00 C5 0B 88 B2 00 00 00 00 3B 34 86 B2 00 00 00 00 0E 06
17 00 3A 00 91 15 24 00 00 5A 2F 88 B2 00 00 00 00 A6 10 86 B2 00 00 00 00 0F 06
17 00 3A 00 91 15 24 00 00 BC 51 88 B2 00 00 00 00 44 EE 85 B2 00 00 00 00 10 06
17 00 3A 00 91 15 24 00 00 58 0F 88 B2 00 00 00 00 A8 30 86 B2 00 00 00 00 11 06
17 00 3A 00 91 15 24 00 00 5E 32 88 B2 00 00 00 00 A2 0D 86 B2 00 00 00 00 12 06
17 00 3A 00 91 15 24 00 00 79 55 88 B2 00 00 00 00 87 EA 85 B2 00 00 00 00 13 06
17 00 3A 00 91 15 24 00 00 66 12 88 B2 00 00 00 00 9A 2D 86 B2 00 00 00 00 14 06
17 00 3A 00 91 15 24 00 00 76 35 88 B2 00 00 00 00 8A 0A 86 B2 00 00 00 00 15 06
17 00 3A 00 91 15 24 00 00 0D 58 88 B2 00 00 00 00 F3 E7 85 B2 00 00 00 00 16 06
17 00 3A 00 91 15 24 00 00 D2 15 88 B2 00 00 00 00 2E 2A 86 B2 00 00 00 00 17 06
17 00 3A 00 91 15 24 00 00 57 38 88 B2 00 00 00 00 A9 07 86 B2 00 00 00 00 18 06
17 00 3A 00 91 15 24 00 00 77 5B 88 B2 00 00 00 00 89 E4 85 B2 00 00 00 00 19 06
17 00 3A 00 91 15 24 00 00 BD 18 88 B2 00 00 00 00 43 27 86 B2 00 00 00 00 1A 06
17 00 3A 00 91 15 24 00 00 C4 3B 88 B2 00 00 00 00 3C 04 86 B2 00 00 00 00 1B 06
17 00 3A 00 91 15 24 00 00 79 5E 88 B2 00 00 00 00 87 E1 85 B2 00 00 00 00 1C 06
17 00 3A 00 91 15 24 00 00 22 1C 88 B2 00 00 00 00 DE 23 86 B2 00 00 00 00 1D 06
17 00 3A 00 91 15 24 00 00 9C 3E 88 B2 00 00 00 00 64 01 86 B2 00 00 00 00 1E 06
17 00 3A 00 91 15 24 00 00 2F 62 88 B2 00 00 00 00 D1 DD 85 B2 00 00 00 00 1F 06
17 00 3A 00 91 15 24 00 00 DA 1E 88 B2 00 00 00 00 26 21 86 B2 00 00 00 00 20 06
17 00 3A 00 91 15 24 00 00 51 42 88 B2 00 00 00 00 AF FD 85 B2 00 00 00 00 21 06
17 00 3A 00 91 15 24 00 00 8C 64 88 B2 00 00 00 00 74 DB 85 B2 00 00 00 00 22 06
17 00 3A 00 91 15 24 00 00 1C 22 88 B2 00 00 00 00 E4 1D 86 B2 00 00 00 00 23 06
17 00 3A 00 91 15 24 00 00 4D 44 88 B2 00 00 00 00 B3 FB 85 B2 00 00 00 00 24 06
17 00 3A 00 91 15 24 00 00 95 67 88 B2 00 00 00 00 6B D8 85 B2 00 00 00 00 25 06
17 00 3A 00 91 15 24 00 00 3E 24 88 B2 00 00 00 00 C2 1B 86 B2 00 00 00 00 26 06
17 00 3A 00 91 15 24 00 00 17 47 88 B2 00 00 00 00 E9 F8 85 B2 00 00 00 00 27 06
17 00 3A 00 91 15 24 00 00 91 69 88 B2 00 00 00 00 6F D6 85 B2 00 00 00 00 28 06
17 00 3A 00 91 15 24 00 00 0D 27 88 B2 00 00 00 00 F3 18 86 B2 00 00 00 00 29 06
17 00 3A 00 91 15 24 00 00 40 49 88 B2 00 00 00 00 C0 F6 85 B2 00 00 00 00 2A 06
17 00 3A 00 91 15 24 00 00 17 07 88 B2 00 00 00 00 E9 38 86 B2 00 00 00 00 2B 06
17 00 3A 00 91 15 24 00 00 54 29 88 B2 00 00 00 00 AC 16 86 B2 00 00 00 00 2C 06
17 00 3A 00 91 15 24 00 00 99 4C 88 B2 00 00 00 00 67 F3 85 B2 00 00 00 00 2D 06
17 00 3A 00 91 15 24 00 00 B9 08 88 B2 00 00 00 00 47 37 86 B2 00 00 00 00 2E 06
17 00 3A 00 91 15 24 00 00 BC 2B 88 B2 00 00 00 00 44 14 86 B2 00 00 00 00 2F 06
17 00 3A 00 91 15 24 00 00 68 4E 88 B2 00 00 00 00 98 F1 85 B2 00 00 00 00 30 06
17 00 3A 00 91 15 24 00 00 76 0B 88 B2 00 00 00 00 8A 34 86 B2 00 00 00 00 31 06
17 00 3A 00 91 15 24 00 00 CA 2D 88 B2 00 00 00 00 36 12 86 B2 00 00 00 00 32 06
17 00 3A 00 91 15 24 00 00 93 50 88 B2 00 00 00 00 6D EF 85 B2 00 00 00 00 33 06
17 00 3A 00 91 15 24 00 00 F5 0C 88 B2 00 00 00 00 0B 33 86 B2 00 00 00 00 34 06
17 00 3A 00 91 15 24 00 00 EE 2F 88 B2 00 00 00 00 12 10 86 B2 00 00 00 00 35 06
17 00 3A 00 91 15 24 00 00 C4 51 88 B2 00 00 00 00 3C EE 85 B2 00 00 00 00 36 06
17 00 3A 00 91 15 24 00 00 02 0F 88 B2 00 00 00 00 FE 30 86 B2 00 00 00 00 37 06
17 00 3A 00 91 15 24 00 00 3A 31 88 B2 00 00 00 00 C6 0E 86 B2 00 00 00 00 38 06
17 00 3A 00 91 15 24 00 00 D8 53 88 B2 00 00 00 00 28 EC 85 B2 00 00 00 00 39 06
17 00 3A 00 91 15 24 00 00 1E 10 88 B2 00 00 00 00 E2 2F 86 B2 00 00 00 00 3A 06
17 00 3A 00 91 15 24 00 00 F4 32 88 B2 00 00 00 00 0C 0D 86 B2 00 00 00 00 3B 06
17 00 3A 00 91 15 24 00 00 16 55 88 B2 00 00 00 00 EA EA 85 B2 00 00 00 00 3C 06
17 00 3A 00 91 15 24 00 00 4C 12 88 B2 00 00 00 00 B4 2D 86 B2 00 00 00 00 3D 06
17 00 3A 00 91 15 24 00 00 5E 34 88 B2 00 00 00 00 A2 0B 86 B2 00 00 00 00 3E 06
17 00 3A 00 91 15 24 00 00 27 57 88 B2 00 00 00 00 D9 E8 85 B2 00 00 00 00 3F 06
17 00 3A 00 91 15 24 00 00 35 13 88 B2 00 00 00 00 CB 2C 86 B2 00 00 00 00 40 06
17 00 3A 00 91 15 24 00 00 0D 36 88 B2 00 00 00 00 F3 09 86 B2 00 00 00 00 41 06
17 00 3A 00 91 15 24 00 00 97 57 88 B2 00 00 00 00 69 E8 85 B2 00 00 00 00 42 06
17 00 3A 00 91 15 24 00 00 37 14 88 B2 00 00 00 00 C9 2B 86 B2 00 00 00 00 43 06
17 00 3A 00 91 15 24 00 00 1B 36 88 B2 00 00 00 00 E5 09 86 B2 00 00 00 00 44 06
17 00 3A 00 91 15 24 00 00 05 59 88 B2 00 00 00 00 FB E6 85 B2 00 00 00 00 45 06
17 00 3A 00 91 15 24 00 00 E8 14 88 B2 00 00 00 00 18 2B 86 B2 00 00 00 00 46 06
17 00 3A 00 91 15 24 00 00 D4 37 88 B2 00 00 00 00 2C 08 86 B2 00 00 00 00 47 06
17 00 3A 00 91 15 24 00 00 89 59 88 B2 00 00 00 00 77 E6 85 B2 00 00 00 00 48 06
17 00 3A 00 91 15 24 00 00 3F 16 88 B2 00 00 00 00 C1 29 86 B2 00 00 00 00 49 06
17 00 3A 00 91 15 24 00 00 23 38 88 B2 00 00 00 00 DD 07 86 B2 00 00 00 00 4A 06
17 00 3A 00 91 15 24 00 00 2A 5B 88 B2 00 00 00 00 D6 E4 85 B2 00 00 00 00 4B 06
17 00 3A 00 91 15 24 00 00 56 17 88 B2 00 00 00 00 AA 28 86 B2 00 00 00 00 4C 06
17 00 3A 00 91 15 24 00 00 BF 39 88 B2 00 00 00 00 41 06 86 B2 00 00 00 00 4D 06
17 00 3A 00 91 15 24 00 00 13 5C 88 B2 00 00 00 00 ED E3 85 B2 00 00 00 00 4E 06
17 00 3A 00 91 15 24 00 00 06 19 88 B2 00 00 00 00 FA 26 86 B2 00 00 00 00 4F 06
17 00 3A 00 91 15 24 00 00 C2 3A 88 B2 00 00 00 00 3E 05 86 B2 00 00 00 00 50 06
17 00 3A 00 91 15 24 00 00 4F 5D 88 B2 00 00 00 00 B1 E2 85 B2 00 00 00 00 51 06
17 00 3A 00 91 15 24 00 00 8E 19 88 B2 00 00 00 00 72 26 86 B2 00 00 00 00 52 06
17 00 3A 00 91 15 24 00 00 1F 3C 88 B2 00 00 00 00 E1 03 86 B2 00 00 00 00 53 06
17 00 3A 00 91 15 24 00 00 F7 5D 88 B2 00 00 00 00 09 E2 85 B2 00 00 00 00 54 06
17 00 3A 00 91 15 24 00 00 DA 1A 88 B2 00 00 00 00 26 25 86 B2 00 00 00 00 55 06
17 00 3A 00 91 15 24 00 00 27 3C 88 B2 00 00 00 00 D9 03 86 B2 00 00 00 00 56 06
17 00 3A 00 91 15 24 00 00 BC 5E 88 B2 00 00 00 00 44 E1 85 B2 00 00 00 00 57 06
17 00 3A 00 91 15 24 00 00 F3 1A 88 B2 00 00 00 00 0D 25 86 B2 00 00 00 00 58 06
17 00 3A 00 91 15 24 00 00 81 3D 88 B2 00 00 00 00 7F 02 86 B2 00 00 00 00 59 06
17 00 3A 00 91 15 24 00 00 09 5F 88 B2 00 00 00 00 F7 E0 85 B2 00 00 00 00 5A 06
17 00 3A 00 91 15 24 00 00 3F 1C 88 B2 00 00 00 00 C1 23 86 B2 00 00 00 00 5B 06
17 00 3A 00 91 15 24 00 00 C9 3D 88 B2 00 00 00 00 37 02 86 B2 00 00 00 00 5C 06
17 00 3A 00 91 15 24 00 00 E8 5F 88 B2 00 00 00 00 18 E0 85 B2 00 00 00 00 5D 06
17 00 3A 00 91 15 24 00 00 6B 1C 88 B2 00 00 00 00 95 23 86 B2 00 00 00 00 5E 06
17 00 3A 00 91 15 24 00 00 CD 3E 88 B2 00 00 00 00 33 01 86 B2 00 00 00 00 5F 06
17 00 3A 00 91 15 24 00 00 1E 60 88 B2 00 00 00 00 E2 DF 85 B2 00 00 00 00 60 06
17 00 3A 00 91 15 24 00 00 36 1D 88 B2 00 00 00 00 CA 22 86 B2 00 00 00 00 61 06
17 00 3A 00 91 15 24 00 00 74 3E 88 B2 00 00 00 00 8C 01 86 B2 00 00 00 00 62 06
17 00 3A 00 91 15 24 00 00 FE 60 88 B2 00 00 00 00 02 DF 85 B2 00 00 00 00 63 06
17 00 3A 00 91 15 24 00 00 92 1C 88 B2 00 00 00 00 6E 23 86 B2 00 00 00 00 64 06
17 00 3A 00 91 15 24 00 00 D2 3E 88 B2 00 00 00 00 2E 01 86 B2 00 00 00 00 65 06
17 00 3A 00 91 15 24 00 00 62 60 88 B2 00 00 00 00 9E DF 85 B2 00 00 00 00 66 06
17 00 3A 00 91 15 24 00 00 CE 1C 88 B2 00 00 00 00 32 23 86 B2 00 00 00 00 67 06
17 00 3A 00 91 15 24 00 00 81 3E 88 B2 00 00 00 00 7F 01 86 B2 00 00 00 00 68 06
17 00 3A 00 91 15 24 00 00 7C 60 88 B2 00 00 00 00 84 DF 85 B2 00 00 00 00 69 06
17 00 3A 00 91 15 24 00 00 BE 1C 88 B2 00 00 00 00 42 23 86 B2 00 00 00 00 6A 06
17 00 3A 00 91 15 24 00 00 FE 3E 88 B2 00 00 00 00 02 01 86 B2 00 00 00 00 6B 06
17 00 3A 00 91 15 24 00 00 7D 60 88 B2 00 00 00 00 83 DF 85 B2 00 00 00 00 6C 06
17 00 3A 00 91 15 24 00 00 C7 1C 88 B2 00 00 00 00 39 23 86 B2 00 00 00 00 6D 06
17 00 3A 00 91 15 24 00 00 A0 3E 88 B2 00 00 00 00 60 01 86 B2 00 00 00 00 6E 06
17 00 3A 00 91 15 24 00 00 C1 60 88 B2 00 00 00 00 3F DF 85 B2 00 00 00 00 6F 06
17 00 3A 00 91 15 24 00 00 61 1C 88 B2 00 00 00 00 9F 23 86 B2 00 00 00 00 70 06
17 00 3A 00 91 15 24 00 00 92 3E 88 B2 00 00 00 00 6E 01 86 B2 00 00 00 00 71 06
17 00 3A 00 91 15 24 00 00 D9 5F 88 B2 00 00 00 00 27 E0 85 B2 00 00 00 00 72 06
17 00 3A 00 91 15 24 00 00 4F 1C 88 B2 00 00 00 00 B1 23 86 B2 00 00 00 00 73 06
17 00 3A 00 91 15 24 00 00 2D 3D 88 B2 00 00 00 00 D3 02 86 B2 00 00 00 00 74 06
17 00 3A 00 91 15 24 00 00 90 5F 88 B2 00 00 00 00 70 E0 85 B2 00 00 00 00 75 06
17 00 3A 00 91 15 24 00 00 3C 1B 88 B2 00 00 00 00 C4 24 86 B2 00 00 00 00 76 06
17 00 3A 00 91 15 24 00 00 FE 3C 88 B2 00 00 00 00 02 03 86 B2 00 00 00 00 77 06
17 00 3A 00 91 15 24 00 00 78 5E 88 B2 00 00 00 00 88 E1 85 B2 00 00 00 00 78 06
17 00 3A 00 91 15 24 00 00 E6 1A 88 B2 00 00 00 00 1A 25 86 B2 00 00 00 00 79 06
17 00 3A 00 91 15 24 00 00 F7 3B 88 B2 00 00 00 00 09 04 86 B2 00 00 00 00 7A 06
17 00 3A 00 91 15 24 00 00 FE 5D 88 B2 00 00 00 00 02 E2 85 B2 00 00 00 00 7B 06
17 00 3A 00 91 15 24 00 00 E1 19 88 B2 00 00 00 00 1F 26 86 B2 00 00 00 00 7C 06
17 00 3A 00 91 15 24 00 00 D7 3B 88 B2 00 00 00 00 29 04 86 B2 00 00 00 00 7D 06
17 00 3A 00 91 15 24 00 00 A5 5C 88 B2 00 00 00 00 5B E3 85 B2 00 00 00 00 7E 06
17 00 3A 00 91 15 24 00 00 F7 18 88 B2 00 00 00 00 09 27 86 B2 00 00 00 00 7F 06
17 00 3A 00 91 15 24 00 00 6A 3A 88 B2 00 00 00 00 96 05 86 B2 00 00 00 00 80 06
17 00 3A 00 91 15 24 00 00 AE 5B 88 B2 00 00 00 00 52 E4 85 B2 00 00 00 00 81 06
17 00 3A 00 91 15 24 00 00 6C 17 88 B2 00 00 00 00 94 28 86 B2 00 00 00 00 82 06
17 00 3A 00 91 15 24 00 00 34 39 88 B2 00 00 00 00 CC 06 86 B2 00 00 00 00 83 06
17 00 3A 00 91 15 24 00 00 46 5A 88 B2 00 00 00 00 BA E5 85 B2 00 00 00 00 84 06
17 00 3A 00 91 15 24 00 00 6E 16 88 B2 00 00 00 00 92 29 86 B2 00 00 00 00 85 06
17 00 3A 00 91 15 24 00 00 85 37 88 B2 00 00 00 00 7B 08 86 B2 00 00 00 00 86 06
17 00 3A 00 91 15 24 00 00 4E 59 88 B2 00 00 00 00 B2 E6 85 B2 00 00 00 00 87 06
17 00 3A 00 91 15 24 00 00 E2 14 88 B2 00 00 00 00 1E 2B 86 B2 00 00 00 00 88 06
17 00 3A 00 91 15 24 00 00 7C 36 88 B2 00 00 00 00 84 09 86 B2 00 00 00 00 89 06
17 00 3A 00 91 15 24 00 00 A4 57 88 B2 00 00 00 00 5C E8 85 B2 00 00 00 00 8A 06
17 00 3A 00 91 15 24 00 00 D7 13 88 B2 00 00 00 00 29 2C 86 B2 00 00 00 00 8B 06
17 00 3A 00 91 15 24 00 00 A2 34 88 B2 00 00 00 00 5E 0B 86 B2 00 00 00 00 8C 06
17 00 3A 00 91 15 24 00 00 78 56 88 B2 00 00 00 00 88 E9 85 B2 00 00 00 00 8D 06
17 00 3A 00 91 15 24 00 00 14 12 88 B2 00 00 00 00 EC 2D 86 B2 00 00 00 00 8E 06
17 00 3A 00 91 15 24 00 00 93 33 88 B2 00 00 00 00 6D 0C 86 B2 00 00 00 00 8F 06
17 00 3A 00 91 15 24 00 00 63 54 88 B2 00 00 00 00 9D EB 85 B2 00 00 00 00 90 06
17 00 3A 00 91 15 24 00 00 48 10 88 B2 00 00 00 00 B8 2F 86 B2 00 00 00 00 91 06
17 00 3A 00 91 15 24 00 00 69 31 88 B2 00 00 00 00 97 0E 86 B2 00 00 00 00 92 06
17 00 3A 00 91 15 24 00 00 35 53 88 B2 00 00 00 00 CB EC 85 B2 00 00 00 00 93 06
17 00 3A 00 91 15 24 00 00 7F 0E 88 B2 00 00 00 00 81 31 86 B2 00 00 00 00 94 06
17 00 3A 00 91 15 24 00 00 37 30 88 B2 00 00 00 00 C9 0F 86 B2 00 00 00 00 95 06
17 00 3A 00 91 15 24 00 00 16 51 88 B2 00 00 00 00 EA EE 85 B2 00 00 00 00 96 06
17 00 3A 00 91 15 24 00 00 17 0D 88 B2 00 00 00 00 E9 32 86 B2 00 00 00 00 97 06
17 00 3A 00 91 15 24 00 00 C3 2D 88 B2 00 00 00 00 3D 12 86 B2 00 00 00 00 98 06
17 00 3A 00 91 15 24 00 00 A6 4F 88 B2 00 00 00 00 5A F0 85 B2 00 00 00 00 99 06
17 00 3A 00 91 15 24 00 00 18 0B 88 B2 00 00 00 00 E8 34 86 B2 00 00 00 00 9A 06
17 00 3A 00 91 15 24 00 00 CF 2C 88 B2 00 00 00 00 31 13 86 B2 00 00 00 00 9B 06
17 00 3A 00 91 15 24 00 00 8B 4D 88 B2 00 00 00 00 75 F2 85 B2 00 00 00 00 9C 06
17 00 3A 00 91 15 24 00 00 9A 09 88 B2 00 00 00 00 66 36 86 B2 00 00 00 00 9D 06
17 00 3A 00 91 15 24 00 00 A8 2A 88 B2 00 00 00 00 58 15 86 B2 00 00 00 00 9E 06
17 00 3A 00 91 15 24 00 00 47 4C 88 B2 00 00 00 00 B9 F3 85 B2 00 00 00 00 9F 06
17 00 3A 00 91 15 24 00 00 CC 07 88 B2 00 00 00 00 34 38 86 B2 00 00 00 00 A0 06
17 00 3A 00 91 15 24 00 00 14 2A 88 B2 00 00 00 00 EC 15 86 B2 00 00 00 00 A1 06
17 00 3A 00 91 15 24 00 00 01 4B 88 B2 00 00 00 00 FF F4 85 B2 00 00 00 00 A2 06
17 00 3A 00 91 15 24 00 00 A3 07 88 B2 00 00 00 00 5D 38 86 B2 00 00 00 00 A3 06
17 00 3A 00 91 15 24 00 00 DB 29 88 B2 00 00 00 00 25 16 86 B2 00 00 00 00 A4 06
17 00 3A 00 91 15 24 00 00 CC 4C 88 B2 00 00 00 00 34 F3 85 B2 00 00 00 00 A5 06
17 00 3A 00 91 15 24 00 00 56 09 88 B2 00 00 00 00 AA 36 86 B2 00 00 00 00 A6 06
17 00 3A 00 91 15 24 00 00 7D 2C 88 B2 00 00 00 00 83 13 86 B2 00 00 00 00 A7 06
17 00 3A 00 91 15 24 00 00 03 4F 88 B2 00 00 00 00 FD F0 85 B2 00 00 00 00 A8 06
17 00 3A 00 91 15 24 00 00 B8 0C 88 B2 00 00 00 00 48 33 86 B2 00 00 00 00 A9 06
17 00 3A 00 91 15 24 00 00 4A 2F 88 B2 00 00 00 00 B6 10 86 B2 00 00 00 00 AA 06
17 00 3A 00 91 15 24 00 00 CE 52 88 B2 00 00 00 00 32 ED 85 B2 00 00 00 00 AB 06
17 00 3A 00 91 15 24 00 00 C1 0F 88 B2 00 00 00 00 3F 30 86 B2 00 00 00 00 AC 06
17 00 3A 00 91 15 24 00 00 80 33 88 B2 00 00 00 00 80 0C 86 B2 00 00 00 00 AD 06
17 00 3A 00 91 15 24 00 00 4D 56 88 B2 00 00 00 00 B3 E9 85 B2 00 00 00 00 AE 06
17 00 3A 00 91 15 24 00 00 2F 14 88 B2 00 00 00 00 D1 2B 86 B2 00 00 00 00 AF 06
17 00 3A 00 91 15 24 00 00 E3 36 88 B2 00 00 00 00 1D 09 86 B2 00 00 00 00 B0 06
17 00 3A 00 91 15 24 00 00 69 5A 88 B2 00 00 00 00 97 E5 85 B2 00 00 00 00 B1 06
17 00 3A 00 91 15 24 00 00 75 17 88 B2 00 00 00 00 8B 28 86 B2 00 00 00 00 B2 06
17 00 3A 00 91 15 24 00 00 E2 3A 88 B2 00 00 00 00 1E 05 86 B2 00 00 00 00 B3 06
17 00 3A 00 91 15 24 00 00 23 5E 88 B2 00 00 00 00 DD E1 85 B2 00 00 00 00 B4 06
17 00 3A 00 91 15 24 00 00 DD 1B 88 B2 00 00 00 00 23 24 86 B2 00 00 00 00 B5 06
17 00 3A 00 91 15 24 00 00 BC 3E 88 B2 00 00 00 00 44 01 86 B2 00 00 00 00 B6 06
17 00 3A 00 91 15 24 00 00 8D 62 88 B2 00 00 00 00 73 DD 85 B2 00 00 00 00 B7 06
17 00 3A 00 91 15 24 00 00 AF 1F 88 B2 00 00 00 00 51 20 86 B2 00 00 00 00 B8 06
17 00 3A 00 91 15 24 00 00 A6 43 88 B2 00 00 00 00 5A FC 85 B2 00 00 00 00 B9 06
17 00 3A 00 91 15 24 00 00 1A 66 88 B2 00 00 00 00 E6 D9 85 B2 00 00 00 00 BA 06
17 00 3A 00 91 15 24 00 00 53 24 88 B2 00 00 00 00 AD 1B 86 B2 00 00 00 00 BB 06
17 00 3A 00 91 15 24 00 00 59 47 88 B2 00 00 00 00 A7 F8 85 B2 00 00 00 00 BC 06
17 00 3A 00 91 15 24 00 00 E8 6A 88 B2 00 00 00 00 18 D5 85 B2 00 00 00 00 BD 06
17 00 3A 00 91 15 24 00 00 17 28 88 B2 00 00 00 00 E9 17 86 B2 00 00 00 00 BE 06
17 00 3A 00 91 15 24 00 00 B0 4B 88 B2 00 00 00 00 50 F4 85 B2 00 00 00 00 BF 06
17 00 3A 00 91 15 24 00 00 D0 08 88 B2 00 00 00 00 30 37 86 B2 00 00 00 00 C0 06
17 00 3A 00 91 15 24 00 00 47 2C 88 B2 00 00 00 00 B9 13 86 B2 00 00 00 00 C1 06
17 00 3A 00 91 15 24 00 00 4D 4F 88 B2 00 00 00 00 B3 F0 85 B2 00 00 00 00 C2 06
17 00 3A 00 91 15 24 00 00 BA 0C 88 B2 00 00 00 00 46 33 86 B2 00 00 00 00 C3 06
17 00 3A 00 91 15 24 00 00 07 30 88 B2 00 00 00 00 F9 0F 86 B2 00 00 00 00 C4 06
17 00 3A 00 91 15 24 00 00 1B 53 88 B2 00 00 00 00 E5 EC 85 B2 00 00 00 00 C5 06
17 00 3A 00 91 15 24 00 00 C3 10 88 B2 00 00 00 00 3D 2F 86 B2 00 00 00 00 C6 06
17 00 3A 00 91 15 24 00 00 7A 34 88 B2 00 00 00 00 86 0B 86 B2 00 00 00 00 C7 06
17 00 3A 00 91 15 24 00 00 5C 57 88 B2 00 00 00 00 A4 E8 85 B2 00 00 00 00 C8 06
17 00 3A 00 91 15 24 00 00 46 15 88 B2 00 00 00 00 BA 2A 86 B2 00 00 00 00 C9 06
17 00 3A 00 91 15 24 00 00 B9 38 88 B2 00 00 00 00 47 07 86 B2 00 00 00 00 CA 06
17 00 3A 00 91 15 24 00 00 84 5C 88 B2 00 00 00 00 7C E3 85 B2 00 00 00 00 CB 06
17 00 3A 00 91 15 24 00 00 BE 19 88 B2 00 00 00 00 42 26 86 B2 00 00 00 00 CC 06
17 00 3A 00 91 15 24 00 00 B0 3D 88 B2 00 00 00 00 50 02 86 B2 00 00 00 00 CD 06
17 00 3A 00 91 15 24 00 00 CD 60 88 B2 00 00 00 00 33 DF 85 B2 00 00 00 00 CE 06
17 00 3A 00 91 15 24 00 00 1A 1F 88 B2 00 00 00 00 E6 20 86 B2 00 00 00 00 CF 06
17 00 3A 00 91 15 24 00 00 0A 42 88 B2 00 00 00 00 F6 FD 85 B2 00 00 00 00 D0 06
17 00 3A 00 91 15 24 00 00 F8 65 88 B2 00 00 00 00 08 DA 85 B2 00 00 00 00 D1 06
17 00 3A 00 91 15 24 00 00 22 23 88 B2 00 00 00 00 DE 1C 86 B2 00 00 00 00 D2 06
17 00 3A 00 91 15 24 00 00 CC 46 88 B2 00 00 00 00 34 F9 85 B2 00 00 00 00 D3 06
17 00 3A 00 91 15 24 00 00 A7 69 88 B2 00 00 00 00 59 D6 85 B2 00 00 00 00 D4 06
17 00 3A 00 91 15 24 00 00 AB 27 88 B2 00 00 00 00 55 18 86 B2 00 00 00 00 D5 06
17 00 3A 00 91 15 24 00 00 65 4A 88 B2 00 00 00 00 9B F5 85 B2 00 00 00 00 D6 06
17 00 3A 00 91 15 24 00 00 62 08 88 B2 00 00 00 00 9E 37 86 B2 00 00 00 00 D7 06
17 00 3A 00 91 15 24 00 00 8A 2B 88 B2 00 00 00 00 76 14 86 B2 00 00 00 00 D8 06
17 00 3A 00 91 15 24 00 00 14 4F 88 B2 00 00 00 00 EC F0 85 B2 00 00 00 00 D9 06
17 00 3A 00 91 15 24 00 00 6F 0C 88 B2 00 00 00 00 91 33 86 B2 00 00 00 00 DA 06
17 00 3A 00 91 15 24 00 00 E4 2F 88 B2 00 00 00 00 1C 10 86 B2 00 00 00 00 DB 06
17 00 3A 00 91 15 24 00 00 CB 52 88 B2 00 00 00 00 35 ED 85 B2 00 00 00 00 DC 06
17 00 3A 00 91 15 24 00 00 47 11 88 B2 00 00 00 00 B9 2E 86 B2 00 00 00 00 DD 06
17 00 3A 00 91 15 24 00 00 C5 33 88 B2 00 00 00 00 3B 0C 86 B2 00 00 00 00 DE 06
17 00 3A 00 91 15 24 00 00 A6 57 88 B2 00 00 00 00 5A E8 85 B2 00 00 00 00 DF 06
17 00 3A 00 91 15 24 00 00 B0 14 88 B2 00 00 00 00 50 2B 86 B2 00 00 00 00 E0 06
17 00 3A 00 91 15 24 00 00 B9 38 88 B2 00 00 00 00 47 07 86 B2 00 00 00 00 E1 06
17 00 3A 00 91 15 24 00 00 A6 5B 88 B2 00 00 00 00 5A E4 85 B2 00 00 00 00 E2 06
17 00 3A 00 91 15 24 00 00 4C 1A 88 B2 00 00 00 00 B4 25 86 B2 00 00 00 00 E3 06
17 00 3A 00 91 15 24 00 00 64 3D 88 B2 00 00 00 00 9C 02 86 B2 00 00 00 00 E4 06
17 00 3A 00 91 15 24 00 00 8A 61 88 B2 00 00 00 00 76 DE 85 B2 00 00 00 00 E5 06
17 00 3A 00 91 15 24 00 00 AD 1F 88 B2 00 00 00 00 53 20 86 B2 00 00 00 00 E6 06
17 00 3A 00 91 15 24 00 00 25 44 88 B2 00 00 00 00 DB FB 85 B2 00 00 00 00 E7 06
17 00 3A 00 91 15 24 00 00 E1 67 88 B2 00 00 00 00 1F D8 85 B2 00 00 00 00 E8 06
17 00 3A 00 91 15 24 00 00 C3 26 88 B2 00 00 00 00 3D 19 86 B2 00 00 00 00 E9 06
17 00 3A 00 91 15 24 00 00 84 4A 88 B2 00 00 00 00 7C F5 85 B2 00 00 00 00 EA 06
17 00 3A 00 91 15 24 00 00 6D 09 88 B2 00 00 00 00 93 36 86 B2 00 00 00 00 EB 06
17 00 3A 00 91 15 24 00 00 34 2D 88 B2 00 00 00 00 CC 12 86 B2 00 00 00 00 EC 06
17 00 3A 00 91 15 24 00 00 76 51 88 B2 00 00 00 00 8A EE 85 B2 00 00 00 00 ED 06
17 00 3A 00 91 15 24 00 00 A0 0F 88 B2 00 00 00 00 60 30 86 B2 00 00 00 00 EE 06
17 00 3A 00 91 15 24 00 00 EC 33 88 B2 00 00 00 00 14 0C 86 B2 00 00 00 00 EF 06
17 00 3A 00 91 15 24 00 00 A5 57 88 B2 00 00 00 00 5B E8 85 B2 00 00 00 00 F0 06
17 00 3A 00 91 15 24 00 00 35 16 88 B2 00 00 00 00 CB 29 86 B2 00 00 00 00 F1 06
17 00 3A 00 91 15 24 00 00 8C 39 88 B2 00 00 00 00 74 06 86 B2 00 00 00 00 F2 06
17 00 3A 00 91 15 24 00 00 BB 5D 88 B2 00 00 00 00 45 E2 85 B2 00 00 00 00 F3 06
17 00 3A 00 91 15 24 00 00 63 1B 88 B2 00 00 00 00 9D 24 86 B2 00 00 00 00 F4 06
17 00 3A 00 91 15 24 00 00 CD 3F 88 B2 00 00 00 00 33 00 86 B2 00 00 00 00 F5 06
17 00 3A 00 91 15 24 00 00 0B 63 88 B2 00 00 00 00 F5 DC 85 B2 00 00 00 00 F6 06
17 00 3A 00 91 15 24 00 00 6F 21 88 B2 00 00 00 00 91 1E 86 B2 00 00 00 00 F7 06
17 00 3A 00 91 15 24 00 00 DA 44 88 B2 00 00 00 00 26 FB 85 B2 00 00 00 00 F8 06
17 00 3A 00 91 15 24 00 00 F7 68 88 B2 00 00 00 00 09 D7 85 B2 00 00 00 00 F9 06
17 00 3A 00 91 15 24 00 00 F1 26 88 B2 00 00 00 00 0F 19 86 B2 00 00 00 00 FA 06
17 00 3A 00 91 15 24 00 00 F6 4A 88 B2 00 00 00 00 0A F5 85 B2 00 00 00 00 FB 06
17 00 3A 00 91 15 24 00 00 9F 08 88 B2 00 00 00 00 61 37 86 B2 00 00 00 00 FC 06
17 00 3A 00 91 15 24 00 00 74 2C 88 B2 00 00 00 00 8C 13 86 B2 00 00 00 00 FD 06
17 00 3A 00 91 15 24 00 00 CA 4F 88 B2 00 00 00 00 36 F0 85 B2 00 00 00 00 FE 06
17 00 3A 00 91 15 24 00 00 48 0E 88 B2 00 00 00 00 B8 31 86 B2 00 00 00 00 FF 06
17 00 3A 00 91 15 24 00 00 4B 31 88 B2 00 00 00 00 B5 0E 86 B2 00 00 00 00 00 07
17 00 3A 00 91 15 24 00 00 71 55 88 B2 00 00 00 00 8F EA 85 B2 00 00 00 00 01 07
17 00 3A 00 91 15 24 00 00 E6 12 88 B2 00 00 00 00 1A 2D 86 B2 00 00 00 00 02 07
17 00 3A 00 91 15 24 00 00 DC 36 88 B2 00 00 00 00 24 09 86 B2 00 00 00 00 03 07
17 00 3A 00 91 15 24 00 00 24 5A 88 B2 00 00 00 00 DC E5 85 B2 00 00 00 00 04 07
17 00 3A 00 91 15 24 00 00 3F 18 88 B2 00 00 00 00 C1 27 86 B2 00 00 00 00 05 07
17 00 3A 00 91 15 24 00 00 8F 3B 88 B2 00 00 00 00 71 04 86 B2 00 00 00 00 06 07
17 00 3A 00 91 15 24 00 00 D1 5F 88 B2 00 00 00 00 2F E0 85 B2 00 00 00 00 07 07
17 00 3A 00 91 15 24 00 00 84 1D 88 B2 00 00 00 00 7C 22 86 B2 00 00 00 00 08 07
17 00 3A 00 91 15 24 00 00 9F 41 88 B2 00 00 00 00 61 FE 85 B2 00 00 00 00 09 07
17 00 3A 00 91 15 24 00 00 BF 64 88 B2 00 00 00 00 41 DB 85 B2 00 00 00 00 0A 07
17 00 3A 00 91 15 24 00 00 09 23 88 B2 00 00 00 00 F7 1C 86 B2 00 00 00 00 0B 07
17 00 3A 00 91 15 24 00 00 66 46 88 B2 00 00 00 00 9A F9 85 B2 00 00 00 00 0C 07
17 00 3A 00 91 15 24 00 00 1C 6A 88 B2 00 00 00 00 E4 D5 85 B2 00 00 00 00 0D 07
17 00 3A 00 91 15 24 00 00 94 27 88 B2 00 00 00 00 6C 18 86 B2 00 00 00 00 0E 07
17 00 3A 00 91 15 24 00 00 BC 4B 88 B2 00 00 00 00 44 F4 85 B2 00 00 00 00 0F 07
17 00 3A 00 91 15 24 00 00 01 09 88 B2 00 00 00 00 FF 36 86 B2 00 00 00 00 10 07
17 00 3A 00 91 15 24 00 00 0A 2D 88 B2 00 00 00 00 F6 12 86 B2 00 00 00 00 11 07
17 00 3A 00 91 15 24 00 00 DB 4F 88 B2 00 00 00 00 25 F0 85 B2 00 00 00 00 12 07
17 00 3A 00 91 15 24 00 00 BF 0D 88 B2 00 00 00 00 41 32 86 B2 00 00 00 00 13 07
17 00 3A 00 91 15 24 00 00 EC 30 88 B2 00 00 00 00 14 0F 86 B2 00 00 00 00 14 07
17 00 3A 00 91 15 24 00 00 43 54 88 B2 00 00 00 00 BD EB 85 B2 00 00 00 00 15 07
17 00 3A 00 91 15 24 00 00 05 12 88 B2 00 00 00 00 FB 2D 86 B2 00 00 00 00 16 07
17 00 3A 00 91 15 24 00 00 8E 35 88 B2 00 00 00 00 72 0A 86 B2 00 00 00 00 17 07
17 00 3A 00 91 15 24 00 00 AA 58 88 B2 00 00 00 00 56 E7 85 B2 00 00 00 00 18 07
17 00 3A 00 91 15 24 00 00 93 16 88 B2 00 00 00 00 6D 29 86 B2 00 00 00 00 19 07
17 00 3A 00 91 15 24 00 00 A9 39 88 B2 00 00 00 00 57 06 86 B2 00 00 00 00 1A 07
17 00 3A 00 91 15 24 00 00 3F 5D 88 B2 00 00 00 00 C1 E2 85 B2 00 00 00 00 1B 07
17 00 3A 00 91 15 24 00 00 7A 1A 88 B2 00 00 00 00 86 25 86 B2 00 00 00 00 1C 07
17 00 3A 00 91 15 24 00 00 D0 3D 88 B2 00 00 00 00 30 02 86 B2 00 00 00 00 1D 07
17 00 3A 00 91 15 24 00 00 DB 60 88 B2 00 00 00 00 25 DF 85 B2 00 00 00 00 1E 07
17 00 3A 00 91 15 24 00 00 7B 1E 88 B2 00 00 00 00 85 21 86 B2 00 00 00 00 1F 07
17 00 3A 00 91 15 24 00 00 91 41 88 B2 00 00 00 00 6F FE 85 B2 00 00 00 00 20 07
17 00 3A 00 91 15 24 00 00 04 65 88 B2 00 00 00 00 FC DA 85 B2 00 00 00 00 21 07
17 00 3A 00 91 15 24 00 00 55 22 88 B2 00 00 00 00 AB 1D 86 B2 00 00 00 00 22 07
17 00 3A 00 91 15 24 00 00 AA 45 88 B2 00 00 00 00 56 FA 85 B2 00 00 00 00 23 07
17 00 3A 00 91 15 24 00 00 22 68 88 B2 00 00 00 00 DE D7 85 B2 00 00 00 00 24 07
17 00 3A 00 91 15 24 00 00 2E 26 88 B2 00 00 00 00 D2 19 86 B2 00 00 00 00 25 07
17 00 3A 00 91 15 24 00 00 E2 48 88 B2 00 00 00 00 1E F7 85 B2 00 00 00 00 26 07
17 00 3A 00 91 15 24 00 00 5D 06 88 B2 00 00 00 00 A3 39 86 B2 00 00 00 00 27 07
17 00 3A 00 91 15 24 00 00 42 29 88 B2 00 00 00 00 BE 16 86 B2 00 00 00 00 28 07
17 00 3A 00 91 15 24 00 00 D5 4C 88 B2 00 00 00 00 2B F3 85 B2 00 00 00 00 29 07
17 00 3A 00 91 15 24 00 00 41 0A 88 B2 00 00 00 00 BF 35 86 B2 00 00 00 00 2A 07
17 00 3A 00 91 15 24 00 00 C4 2D 88 B2 00 00 00 00 3C 12 86 B2 00 00 00 00 2B 07
17 00 3A 00 91 15 24 00 00 00 50 88 B2 00 00 00 00 00 F0 85 B2 00 00 00 00 2C 07
17 00 3A 00 91 15 24 00 00 E6 0D 88 B2 00 00 00 00 1A 32 86 B2 00 00 00 00 2D 07
17 00 3A 00 91 15 24 00 00 A5 30 88 B2 00 00 00 00 5B 0F 86 B2 00 00 00 00 2E 07
17 00 3A 00 91 15 24 00 00 F0 53 88 B2 00 00 00 00 10 EC 85 B2 00 00 00 00 2F 07
17 00 3A 00 91 15 24 00 00 16 11 88 B2 00 00 00 00 EA 2E 86 B2 00 00 00 00 30 07
17 00 3A 00 91 15 24 00 00 82 34 88 B2 00 00 00 00 7E 0B 86 B2 00 00 00 00 31 07
17 00 3A 00 91 15 24 00 00 CB 56 88 B2 00 00 00 00 35 E9 85 B2 00 00 00 00 32 07
17 00 3A 00 91 15 24 00 00 B6 14 88 B2 00 00 00 00 4A 2B 86 B2 00 00 00 00 33 07
17 00 3A 00 91 15 24 00 00 1C 37 88 B2 00 00 00 00 E4 08 86 B2 00 00 00 00 34 07
17 00 3A 00 91 15 24 00 00 78 5A 88 B2 00 00 00 00 88 E5 85 B2 00 00 00 00 35 07
17 00 3A 00 91 15 24 00 00 A8 17 88 B2 00 00 00 00 58 28 86 B2 00 00 00 00 36 07
17 00 3A 00 91 15 24 00 00 E1 3A 88 B2 00 00 00 00 1F 05 86 B2 00 00 00 00 37 07
17 00 3A 00 91 15 24 00 00 8B 5D 88 B2 00 00 00 00 75 E2 85 B2 00 00 00 00 38 07
17 00 3A 00 91 15 24 00 00 4D 1B 88 B2 00 00 00 00 B3 24 86 B2 00 00 00 00 39 07
17 00 3A 00 91 15 24 00 00 1E 3E 88 B2 00 00 00 00 E2 01 86 B2 00 00 00 00 3A 07
17 00 3A 00 91 15 24 00 00 92 61 88 B2 00 00 00 00 6E DE 85 B2 00 00 00 00 3B 07
17 00 3A 00 91 15 24 00 00 8B 1E 88 B2 00 00 00 00 75 21 86 B2 00 00 00 00 3C 07
17 00 3A 00 91 15 24 00 00 44 42 88 B2 00 00 00 00 BC FD 85 B2 00 00 00 00 3D 07
17 00 3A 00 91 15 24 00 00 83 64 88 B2 00 00 00 00 7D DB 85 B2 00 00 00 00 3E 07
17 00 3A 00 91 15 24 00 00 F8 21 88 B2 00 00 00 00 08 1E 86 B2 00 00 00 00 3F 07
17 00 3A 00 91 15 24 00 00 D3 44 88 B2 00 00 00 00 2D FB 85 B2 00 00 00 00 40 07
17 00 3A 00 91 15 24 00 00 D7 67 88 B2 00 00 00 00 29 D8 85 B2 00 00 00 00 41 07
17 00 3A 00 91 15 24 00 00 E2 24 88 B2 00 00 00 00 1E 1B 86 B2 00 00 00 00 42 07
17 00 3A 00 91 15 24 00 00 FC 47 88 B2 00 00 00 00 04 F8 85 B2 00 00 00 00 43 07
17 00 3A 00 91 15 24 00 00 5D 6A 88 B2 00 00 00 00 A3 D5 85 B2 00 00 00 00 44 07
17 00 3A 00 91 15 24 00 00 02 28 88 B2 00 00 00 00 FE 17 86 B2 00 00 00 00 45 07
17 00 3A 00 91 15 24 00 00 19 4A 88 B2 00 00 00 00 E7 F5 85 B2 00 00 00 00 46 07
17 00 3A 00 91 15 24 00 00 01 08 88 B2 00 00 00 00 FF 37 86 B2 00 00 00 00 47 07
17 00 3A 00 91 15 24 00 00 D5 2A 88 B2 00 00 00 00 2B 15 86 B2 00 00 00 00 48 07
17 00 3A 00 91 15 24 00 00 63 4D 88 B2 00 00 00 00 9D F2 85 B2 00 00 00 00 49 07
17 00 3A 00 91 15 24 00 00 16 0B 88 B2 00 00 00 00 EA 34 86 B2 00 00 00 00 4A 07
17 00 3A 00 91 15 24 00 00 E3 2E 88 B2 00 00 00 00 1D 11 86 B2 00 00 00 00 4B 07
17 00 3A 00 91 15 24 00 00 50 51 88 B2 00 00 00 00 B0 EE 85 B2 00 00 00 00 4C 07
17 00 3A 00 91 15 24 00 00 C6 0F 88 B2 00 00 00 00 3A 30 86 B2 00 00 00 00 4D 07
17 00 3A 00 91 15 24 00 00 30 32 88 B2 00 00 00 00 D0 0D 86 B2 00 00 00 00 4E 07
17 00 3A 00 91 15 24 00 00 37 56 88 B2 00 00 00 00 C9 E9 85 B2 00 00 00 00 4F 07
17 00 3A 00 91 15 24 00 00 AC 13 88 B2 00 00 00 00 54 2C 86 B2 00 00 00 00 50 07
17 00 3A 00 91 15 24 00 00 35 37 88 B2 00 00 00 00 CB 08 86 B2 00 00 00 00 51 07
17 00 3A 00 91 15 24 00 00 A0 5A 88 B2 00 00 00 00 60 E5 85 B2 00 00 00 00 52 07
17 00 3A 00 91 15 24 00 00 47 19 88 B2 00 00 00 00 B9 26 86 B2 00 00 00 00 53 07
17 00 3A 00 91 15 24 00 00 F1 3B 88 B2 00 00 00 00 0F 04 86 B2 00 00 00 00 54 07
17 00 3A 00 91 15 24 00 00 43 60 88 B2 00 00 00 00 BD DF 85 B2 00 00 00 00 55 07
17 00 3A 00 91 15 24 00 00 EA 1D 88 B2 00 00 00 00 16 22 86 B2 00 00 00 00 56 07
17 00 3A 00 91 15 24 00 00 05 42 88 B2 00 00 00 00 FB FD 85 B2 00 00 00 00 57 07
17 00 3A 00 91 15 24 00 00 AF 65 88 B2 00 00 00 00 51 DA 85 B2 00 00 00 00 58 07
17 00 3A 00 91 15 24 00 00 28 24 88 B2 00 00 00 00 D8 1B 86 B2 00 00 00 00 59 07
17 00 3A 00 91 15 24 00 00 42 48 88 B2 00 00 00 00 BE F7 85 B2 00 00 00 00 5A 07
17 00 3A 00 91 15 24 00 00 E5 06 88 B2 00 00 00 00 1B 39 86 B2 00 00 00 00 5B 07
17 00 3A 00 91 15 24 00 00 34 2B 88 B2 00 00 00 00 CC 14 86 B2 00 00 00 00 5C 07
17 00 3A 00 91 15 24 00 00 93 4F 88 B2 00 00 00 00 6D F0 85 B2 00 00 00 00 5D 07
17 00 3A 00 91 15 24 00 00 32 0E 88 B2 00 00 00 00 CE 31 86 B2 00 00 00 00 5E 07
17 00 3A 00 91 15 24 00 00 A3 32 88 B2 00 00 00 00 5D 0D 86 B2 00 00 00 00 5F 07
17 00 3A 00 91 15 24 00 00 E2 56 88 B2 00 00 00 00 1E E9 85 B2 00 00 00 00 60 07
17 00 3A 00 91 15 24 00 00 E4 15 88 B2 00 00 00 00 1C 2A 86 B2 00 00 00 00 61 07
17 00 3A 00 91 15 24 00 00 3A 3A 88 B2 00 00 00 00 C6 05 86 B2 00 00 00 00 62 07
17 00 3A 00 91 15 24 00 00 07 5F 88 B2 00 00 00 00 F9 E0 85 B2 00 00 00 00 63 07
17 00 3A 00 91 15 24 00 00 A0 1D 88 B2 00 00 00 00 60 22 86 B2 00 00 00 00 64 07
17 00 3A 00 91 15 24 00 00 A2 42 88 B2 00 00 00 00 5E FD 85 B2 00 00 00 00 65 07
17 00 3A 00 91 15 24 00 00 20 67 88 B2 00 00 00 00 E0 D8 85 B2 00 00 00 00 66 07
17 00 3A 00 91 15 24 00 00 31 26 88 B2 00 00 00 00 CF 19 86 B2 00 00 00 00 67 07
17 00 3A 00 91 15 24 00 00 E5 4A 88 B2 00 00 00 00 1B F5 85 B2 00 00 00 00 68 07
17 00 3A 00 91 15 24 00 00 A4 0A 88 B2 00 00 00 00 5C 35 86 B2 00 00 00 00 69 07
17 00 3A 00 91 15 24 00 00 1B 2F 88 B2 00 00 00 00 E5 10 86 B2 00 00 00 00 6A 07
17 00 3A 00 91 15 24 00 00 B4 53 88 B2 00 00 00 00 4C EC 85 B2 00 00 00 00 6B 07
17 00 3A 00 91 15 24 00 00 73 12 88 B2 00 00 00 00 8D 2D 86 B2 00 00 00 00 6C 07
17 00 3A 00 91 15 24 00 00 2D 37 88 B2 00 00 00 00 D3 08 86 B2 00 00 00 00 6D 07
17 00 3A 00 91 15 24 00 00 9B 5B 88 B2 00 00 00 00 65 E4 85 B2 00 00 00 00 6E 07
17 00 3A 00 91 15 24 00 00 07 1B 88 B2 00 00 00 00 F9 24 86 B2 00 00 00 00 6F 07
17 00 3A 00 91 15 24 00 00 46 3F 88 B2 00 00 00 00 BA 00 86 B2 00 00 00 00 70 07
17 00 3A 00 91 15 24 00 00 F2 63 88 B2 00 00 00 00 0E DC 85 B2 00 00 00 00 71 07
17 00 3A 00 91 15 24 00 00 89 22 88 B2 00 00 00 00 77 1D 86 B2 00 00 00 00 72 07
17 00 3A 00 91 15 24 00 00 2E 47 88 B2 00 00 00 00 D2 F8 85 B2 00 00 00 00 73 07
17 00 3A 00 91 15 24 00 00 23 6B 88 B2 00 00 00 00 DD D4 85 B2 00 00 00 00 74 07
17 00 3A 00 91 15 24 00 00 98 2A 88 B2 00 00 00 00 68 15 86 B2 00 00 00 00 75 07
17 00 3A 00 91 15 24 00 00 24 4E 88 B2 00 00 00 00 DC F1 85 B2 00 00 00 00 76 07
17 00 3A 00 91 15 24 00 00 AC 0D 88 B2 00 00 00 00 54 32 86 B2 00 00 00 00 77 07
17 00 3A 00 91 15 24 00 00 B0 31 88 B2 00 00 00 00 50 0E 86 B2 00 00 00 00 78 07
17 00 3A 00 91 15 24 00 00 2E 56 88 B2 00 00 00 00 D2 E9 85 B2 00 00 00 00 79 07
17 00 3A 00 91 15 24 00 00 9C 14 88 B2 00 00 00 00 64 2B 86 B2 00 00 00 00 7A 07
17 00 3A 00 91 15 24 00 00 88 39 88 B2 00 00 00 00 78 06 86 B2 00 00 00 00 7B 07
17 00 3A 00 91 15 24 00 00 12 5D 88 B2 00 00 00 00 EE E2 85 B2 00 00 00 00 7C 07
17 00 3A 00 91 15 24 00 00 F4 1B 88 B2 00 00 00 00 0C 24 86 B2 00 00 00 00 7D 07
17 00 3A 00 91 15 24 00 00 FB 3F 88 B2 00 00 00 00 05 00 86 B2 00 00 00 00 7E 07
17 00 3A 00 91 15 24 00 00 B3 64 88 B2 00 00 00 00 4D DB 85 B2 00 00 00 00 7F 07
17 00 3A 00 91 15 24 00 00 DC 22 88 B2 00 00 00 00 24 1D 86 B2 00 00 00 00 80 07
17 00 3A 00 91 15 24 00 00 3D 47 88 B2 00 00 00 00 C3 F8 85 B2 00 00 00 00 81 07
17 00 3A 00 91 15 24 00 00 CE 6A 88 B2 00 00 00 00 32 D5 85 B2 00 00 00 00 82 07
17 00 3A 00 91 15 24 00 00 42 2A 88 B2 00 00 00 00 BE 15 86 B2 00 00 00 00 83 07
17 00 3A 00 91 15 24 00 00 17 4D 88 B2 00 00 00 00 E9 F2 85 B2 00 00 00 00 84 07
17 00 3A 00 91 15 24 00 00 4B 0C 88 B2 00 00 00 00 B5 33 86 B2 00 00 00 00 85 07
17 00 3A 00 91 15 24 00 00 06 30 88 B2 00 00 00 00 FA 0F 86 B2 00 00 00 00 86 07
17 00 3A 00 91 15 24 00 00 D2 54 88 B2 00 00 00 00 2E EB 85 B2 00 00 00 00 87 07
17 00 3A 00 91 15 24 00 00 C0 12 88 B2 00 00 00 00 40 2D 86 B2 00 00 00 00 88 07
17 00 3A 00 91 15 24 00 00 FD 36 88 B2 00 00 00 00 03 09 86 B2 00 00 00 00 89 07
17 00 3A 00 91 15 24 00 00 C5 5A 88 B2 00 00 00 00 3B E5 85 B2 00 00 00 00 8A 07
17 00 3A 00 91 15 24 00 00 3A 1A 88 B2 00 00 00 00 C6 25 86 B2 00 00 00 00 8B 07
17 00 3A 00 91 15 24 00 00 83 3D 88 B2 00 00 00 00 7D 02 86 B2 00 00 00 00 8C 07
17 00 3A 00 91 15 24 00 00 01 62 88 B2 00 00 00 00 FF DD 85 B2 00 00 00 00 8D 07
17 00 3A 00 91 15 24 00 00 B7 20 88 B2 00 00 00 00 49 1F 86 B2 00 00 00 00 8E 07
17 00 3A 00 91 15 24 00 00 33 45 88 B2 00 00 00 00 CD FA 85 B2 00 00 00 00 8F 07
17 00 3A 00 91 15 24 00 00 51 69 88 B2 00 00 00 00 AF D6 85 B2 00 00 00 00 90 07
17 00 3A 00 91 15 24 00 00 5A 28 88 B2 00 00 00 00 A6 17 86 B2 00 00 00 00 91 07
17 00 3A 00 91 15 24 00 00 AA 4C 88 B2 00 00 00 00 56 F3 85 B2 00 00 00 00 92 07
17 00 3A 00 91 15 24 00 00 49 0C 88 B2 00 00 00 00 B7 33 86 B2 00 00 00 00 93 07
17 00 3A 00 91 15 24 00 00 27 30 88 B2 00 00 00 00 D9 0F 86 B2 00 00 00 00 94 07
17 00 3A 00 91 15 24 00 00 98 55 88 B2 00 00 00 00 68 EA 85 B2 00 00 00 00 95 07
17 00 3A 00 91 15 24 00 00 7A 14 88 B2 00 00 00 00 86 2B 86 B2 00 00 00 00 96 07
17 00 3A 00 91 15 24 00 00 0A 3A 88 B2 00 00 00 00 F6 05 86 B2 00 00 00 00 97 07
17 00 3A 00 91 15 24 00 00 72 5E 88 B2 00 00 00 00 8E E1 85 B2 00 00 00 00 98 07
17 00 3A 00 91 15 24 00 00 66 1E 88 B2 00 00 00 00 9A 21 86 B2 00 00 00 00 99 07
17 00 3A 00 91 15 24 00 00 E3 42 88 B2 00 00 00 00 1D FD 85 B2 00 00 00 00 9A 07
17 00 3A 00 91 15 24 00 00 10 68 88 B2 00 00 00 00 F0 D7 85 B2 00 00 00 00 9B 07
17 00 3A 00 91 15 24 00 00 3D 27 88 B2 00 00 00 00 C3 18 86 B2 00 00 00 00 9C 07
17 00 3A 00 91 15 24 00 00 3E 4C 88 B2 00 00 00 00 C2 F3 85 B2 00 00 00 00 9D 07
17 00 3A 00 91 15 24 00 00 7D 0B 88 B2 00 00 00 00 83 34 86 B2 00 00 00 00 9E 07
17 00 3A 00 91 15 24 00 00 00 31 88 B2 00 00 00 00 00 0F 86 B2 00 00 00 00 9F 07
17 00 3A 00 91 15 24 00 00 A6 55 88 B2 00 00 00 00 5A EA 85 B2 00 00 00 00 A0 07
17 00 3A 00 91 15 24 00 00 A7 15 88 B2 00 00 00 00 59 2A 86 B2 00 00 00 00 A1 07
17 00 3A 00 91 15 24 00 00 A0 39 88 B2 00 00 00 00 60 06 86 B2 00 00 00 00 A2 07
17 00 3A 00 91 15 24 00 00 E8 5E 88 B2 00 00 00 00 18 E1 85 B2 00 00 00 00 A3 07
17 00 3A 00 91 15 24 00 00 60 1D 88 B2 00 00 00 00 A0 22 86 B2 00 00 00 00 A4 07
17 00 3A 00 91 15 24 00 00 A4 42 88 B2 00 00 00 00 5C FD 85 B2 00 00 00 00 A5 07
17 00 3A 00 91 15 24 00 00 30 67 88 B2 00 00 00 00 D0 D8 85 B2 00 00 00 00 A6 07
17 00 3A 00 91 15 24 00 00 B7 26 88 B2 00 00 00 00 49 19 86 B2 00 00 00 00 A7 07
17 00 3A 00 91 15 24 00 00 EB 4A 88 B2 00 00 00 00 15 F5 85 B2 00 00 00 00 A8 07
17 00 3A 00 91 15 24 00 00 C3 0A 88 B2 00 00 00 00 3D 35 86 B2 00 00 00 00 A9 07
17 00 3A 00 91 15 24 00 00 F6 2E 88 B2 00 00 00 00 0A 11 86 B2 00 00 00 00 AA 07
17 00 3A 00 91 15 24 00 00 04 54 88 B2 00 00 00 00 FC EB 85 B2 00 00 00 00 AB 07
17 00 3A 00 91 15 24 00 00 B9 12 88 B2 00 00 00 00 47 2D 86 B2 00 00 00 00 AC 07
17 00 3A 00 91 15 24 00 00 06 38 88 B2 00 00 00 00 FA 07 86 B2 00 00 00 00 AD 07
17 00 3A 00 91 15 24 00 00 18 5C 88 B2 00 00 00 00 E8 E3 85 B2 00 00 00 00 AE 07
17 00 3A 00 91 15 24 00 00 1C 1B 88 B2 00 00 00 00 E4 24 86 B2 00 00 00 00 AF 07
17 00 3A 00 91 15 24 00 00 67 3F 88 B2 00 00 00 00 99 00 86 B2 00 00 00 00 B0 07
17 00 3A 00 91 15 24 00 00 7F 64 88 B2 00 00 00 00 81 DB 85 B2 00 00 00 00 B1 07
17 00 3A 00 91 15 24 00 00 F8 22 88 B2 00 00 00 00 08 1D 86 B2 00 00 00 00 B2 07
17 00 3A 00 91 15 24 00 00 8F 47 88 B2 00 00 00 00 71 F8 85 B2 00 00 00 00 B3 07
17 00 3A 00 91 15 24 00 00 5E 06 88 B2 00 00 00 00 A2 39 86 B2 00 00 00 00 B4 07
17 00 3A 00 91 15 24 00 00 28 2B 88 B2 00 00 00 00 D8 14 86 B2 00 00 00 00 B5 07
17 00 3A 00 91 15 24 00 00 66 4F 88 B2 00 00 00 00 9A F0 85 B2 00 00 00 00 B6 07
17 00 3A 00 91 15 24 00 00 EC 0E 88 B2 00 00 00 00 14 31 86 B2 00 00 00 00 B7 07
17 00 3A 00 91 15 24 00 00 98 32 88 B2 00 00 00 00 68 0D 86 B2 00 00 00 00 B8 07
17 00 3A 00 91 15 24 00 00 91 57 88 B2 00 00 00 00 6F E8 85 B2 00 00 00 00 B9 07
17 00 3A 00 91 15 24 00 00 31 16 88 B2 00 00 00 00 CF 29 86 B2 00 00 00 00 BA 07
17 00 3A 00 91 15 24 00 00 AD 3A 88 B2 00 00 00 00 53 05 86 B2 00 00 00 00 BB 07
17 00 3A 00 91 15 24 00 00 9E 5E 88 B2 00 00 00 00 62 E1 85 B2 00 00 00 00 BC 07
17 00 3A 00 91 15 24 00 00 3F 1E 88 B2 00 00 00 00 C1 21 86 B2 00 00 00 00 BD 07
17 00 3A 00 91 15 24 00 00 22 42 88 B2 00 00 00 00 DE FD 85 B2 00 00 00 00 BE 07
17 00 3A 00 91 15 24 00 00 77 66 88 B2 00 00 00 00 89 D9 85 B2 00 00 00 00 BF 07
17 00 3A 00 91 15 24 00 00 72 25 88 B2 00 00 00 00 8E 1A 86 B2 00 00 00 00 C0 07
17 00 3A 00 91 15 24 00 00 78 49 88 B2 00 00 00 00 88 F6 85 B2 00 00 00 00 C1 07
17 00 3A 00 91 15 24 00 00 4A 08 88 B2 00 00 00 00 B6 37 86 B2 00 00 00 00 C2 07
17 00 3A 00 91 15 24 00 00 C2 2C 88 B2 00 00 00 00 3E 13 86 B2 00 00 00 00 C3 07
17 00 3A 00 91 15 24 00 00 0E 51 88 B2 00 00 00 00 F2 EE 85 B2 00 00 00 00 C4 07
17 00 3A 00 91 15 24 00 00 C7 0F 88 B2 00 00 00 00 39 30 86 B2 00 00 00 00 C5 07
17 00 3A 00 91 15 24 00 00 CA 33 88 B2 00 00 00 00 36 0C 86 B2 00 00 00 00 C6 07
17 00 3A 00 91 15 24 00 00 DA 58 88 B2 00 00 00 00 26 E7 85 B2 00 00 00 00 C7 07
17 00 3A 00 91 15 24 00 00 61 17 88 B2 00 00 00 00 9F 28 86 B2 00 00 00 00 C8 07
17 00 3A 00 91 15 24 00 00 44 3C 88 B2 00 00 00 00 BC 03 86 B2 00 00 00 00 C9 07
17 00 3A 00 91 15 24 00 00 49 60 88 B2 00 00 00 00 B7 DF 85 B2 00 00 00 00 CA 07
17 00 3A 00 91 15 24 00 00 3F 1F 88 B2 00 00 00 00 C1 20 86 B2 00 00 00 00 CB 07
17 00 3A 00 91 15 24 00 00 29 43 88 B2 00 00 00 00 D7 FC 85 B2 00 00 00 00 CC 07
17 00 3A 00 91 15 24 00 00 41 68 88 B2 00 00 00 00 BF D7 85 B2 00 00 00 00 CD 07
17 00 3A 00 91 15 24 00 00 71 26 88 B2 00 00 00 00 8F 19 86 B2 00 00 00 00 CE 07
17 00 3A 00 91 15 24 00 00 F6 4A 88 B2 00 00 00 00 0A F5 85 B2 00 00 00 00 CF 07
17 00 3A 00 91 15 24 00 00 51 09 88 B2 00 00 00 00 AF 36 86 B2 00 00 00 00 D0 07
17 00 3A 00 91 15 24 00 00 EB 2D 88 B2 00 00 00 00 15 12 86 B2 00 00 00 00 D1 07
