17 00 3A 00 91 15 24 00 00 7C EA 87 B2 00 00 00 00 84 55 86 B2 00 00 00 00 14 0D
17 00 3A 00 91 15 24 00 00 45 3F 88 B2 00 00 00 00 BB 00 86 B2 00 00 00 00 15 0D
17 00 3A 00 91 15 24 00 00 F4 2D 88 B2 00 00 00 00 0C 12 86 B2 00 00 00 00 16 0D
17 00 3A 00 91 15 24 00 00 0E 1E 88 B2 00 00 00 00 F2 21 86 B2 00 00 00 00 17 0D
17 00 3A 00 91 15 24 00 00 DC 0C 88 B2 00 00 00 00 24 33 86 B2 00 00 00 00 18 0D
17 00 3A 00 91 15 24 00 00 B4 FD 87 B2 00 00 00 00 4C 42 86 B2 00 00 00 00 19 0D
17 00 3A 00 91 15 24 00 00 97 EC 87 B2 00 00 00 00 69 53 86 B2 00 00 00 00 1A 0D
17 00 3A 00 91 15 24 00 00 BA 43 88 B2 00 00 00 00 46 FC 85 B2 00 00 00 00 1B 0D
17 00 3A 00 91 15 24 00 00 A2 32 88 B2 00 00 00 00 5E 0D 86 B2 00 00 00 00 1C 0D
17 00 3A 00 91 15 24 00 00 24 24 88 B2 00 00 00 00 DC 1B 86 B2 00 00 00 00 1D 0D
17 00 3A 00 91 15 24 00 00 C5 13 88 B2 00 00 00 00 3B 2C 86 B2 00 00 00 00 1E 0D
17 00 3A 00 91 15 24 00 00 94 05 88 B2 00 00 00 00 6C 3A 86 B2 00 00 00 00 1F 0D
17 00 3A 00 91 15 24 00 00 60 F5 87 B2 00 00 00 00 A0 4A 86 B2 00 00 00 00 20 0D
17 00 3A 00 91 15 24 00 00 4E 4C 88 B2 00 00 00 00 B2 F3 85 B2 00 00 00 00 21 0D
17 00 3A 00 91 15 24 00 00 1B 3D 88 B2 00 00 00 00 E5 02 86 B2 00 00 00 00 22 0D
17 00 3A 00 91 15 24 00 00 1C 2F 88 B2 00 00 00 00 E4 10 86 B2 00 00 00 00 23 0D
17 00 3A 00 91 15 24 00 00 2A 1F 88 B2 00 00 00 00 D6 20 86 B2 00 00 00 00 24 0D
17 00 3A 00 91 15 24 00 00 6E 11 88 B2 00 00 00 00 92 2E 86 B2 00 00 00 00 25 0D
17 00 3A 00 91 15 24 00 00 6A 01 88 B2 00 00 00 00 96 3E 86 B2 00 00 00 00 26 0D
17 00 3A 00 91 15 24 00 00 15 F3 87 B2 00 00 00 00 EB 4C 86 B2 00 00 00 00 27 0D
17 00 3A 00 91 15 24 00 00 93 49 88 B2 00 00 00 00 6D F6 85 B2 00 00 00 00 28 0D
17 00 3A 00 91 15 24 00 00 21 3C 88 B2 00 00 00 00 DF 03 86 B2 00 00 00 00 29 0D
17 00 3A 00 91 15 24 00 00 64 2C 88 B2 00 00 00 00 9C 13 86 B2 00 00 00 00 2A 0D
17 00 3A 00 91 15 24 00 00 6A 1D 88 B2 00 00 00 00 96 22 86 B2 00 00 00 00 2B 0D
17 00 3A 00 91 15 24 00 00 8E 0F 88 B2 00 00 00 00 72 30 86 B2 00 00 00 00 2C 0D
17 00 3A 00 91 15 24 00 00 A8 01 88 B2 00 00 00 00 58 3E 86 B2 00 00 00 00 2D 0D
17 00 3A 00 91 15 24 00 00 28 F3 87 B2 00 00 00 00 D8 4C 86 B2 00 00 00 00 2E 0D
17 00 3A 00 91 15 24 00 00 26 4B 88 B2 00 00 00 00 DA F4 85 B2 00 00 00 00 2F 0D
17 00 3A 00 91 15 24 00 00 38 3C 88 B2 00 00 00 00 C8 03 86 B2 00 00 00 00 30 0D
17 00 3A 00 91 15 24 00 00 13 2F 88 B2 00 00 00 00 ED 10 86 B2 00 00 00 00 31 0D
17 00 3A 00 91 15 24 00 00 23 20 88 B2 00 00 00 00 DD 1F 86 B2 00 00 00 00 32 0D
17 00 3A 00 91 15 24 00 00 63 13 88 B2 00 00 00 00 9D 2C 86 B2 00 00 00 00 33 0D
17 00 3A 00 91 15 24 00 00 7A 04 88 B2 00 00 00 00 86 3B 86 B2 00 00 00 00 34 0D
17 00 3A 00 91 15 24 00 00 85 F8 87 B2 00 00 00 00 7B 47 86 B2 00 00 00 00 35 0D
17 00 3A 00 91 15 24 00 00 4C E9 87 B2 00 00 00 00 B4 56 86 B2 00 00 00 00 36 0D
17 00 3A 00 91 15 24 00 00 7A 42 88 B2 00 00 00 00 86 FD 85 B2 00 00 00 00 37 0D
17 00 3A 00 91 15 24 00 00 0F 34 88 B2 00 00 00 00 F1 0B 86 B2 00 00 00 00 38 0D
17 00 3A 00 91 15 24 00 00 B5 27 88 B2 00 00 00 00 4B 18 86 B2 00 00 00 00 39 0D
17 00 3A 00 91 15 24 00 00 58 19 88 B2 00 00 00 00 A8 26 86 B2 00 00 00 00 3A 0D
17 00 3A 00 91 15 24 00 00 79 0C 88 B2 00 00 00 00 87 33 86 B2 00 00 00 00 3B 0D
17 00 3A 00 91 15 24 00 00 60 FF 87 B2 00 00 00 00 A0 40 86 B2 00 00 00 00 3C 0D
17 00 3A 00 91 15 24 00 00 46 F2 87 B2 00 00 00 00 BA 4D 86 B2 00 00 00 00 3D 0D
17 00 3A 00 91 15 24 00 00 66 4B 88 B2 00 00 00 00 9A F4 85 B2 00 00 00 00 3E 0D
17 00 3A 00 91 15 24 00 00 8B 40 88 B2 00 00 00 00 75 FF 85 B2 00 00 00 00 3F 0D
17 00 3A 00 91 15 24 00 00 40 32 88 B2 00 00 00 00 C0 0D 86 B2 00 00 00 00 40 0D
17 00 3A 00 91 15 24 00 00 D7 26 88 B2 00 00 00 00 29 19 86 B2 00 00 00 00 41 0D
17 00 3A 00 91 15 24 00 00 3B 19 88 B2 00 00 00 00 C5 26 86 B2 00 00 00 00 42 0D
17 00 3A 00 91 15 24 00 00 EA 0D 88 B2 00 00 00 00 16 32 86 B2 00 00 00 00 43 0D
17 00 3A 00 91 15 24 00 00 91 00 88 B2 00 00 00 00 6F 3F 86 B2 00 00 00 00 44 0D
17 00 3A 00 91 15 24 00 00 38 F5 87 B2 00 00 00 00 C8 4A 86 B2 00 00 00 00 45 0D
17 00 3A 00 91 15 24 00 00 C2 E7 87 B2 00 00 00 00 3E 58 86 B2 00 00 00 00 46 0D
17 00 3A 00 91 15 24 00 00 09 41 88 B2 00 00 00 00 F7 FE 85 B2 00 00 00 00 47 0D
17 00 3A 00 91 15 24 00 00 C3 34 88 B2 00 00 00 00 3D 0B 86 B2 00 00 00 00 48 0D
17 00 3A 00 91 15 24 00 00 78 29 88 B2 00 00 00 00 88 16 86 B2 00 00 00 00 49 0D
17 00 3A 00 91 15 24 00 00 69 1C 88 B2 00 00 00 00 97 23 86 B2 00 00 00 00 4A 0D
17 00 3A 00 91 15 24 00 00 AA 0F 88 B2 00 00 00 00 56 30 86 B2 00 00 00 00 4B 0D
17 00 3A 00 91 15 24 00 00 17 04 88 B2 00 00 00 00 E9 3B 86 B2 00 00 00 00 4C 0D
17 00 3A 00 91 15 24 00 00 86 FA 87 B2 00 00 00 00 7A 45 86 B2 00 00 00 00 4D 0D
17 00 3A 00 91 15 24 00 00 66 EC 87 B2 00 00 00 00 9A 53 86 B2 00 00 00 00 4E 0D
17 00 3A 00 91 15 24 00 00 44 45 88 B2 00 00 00 00 BC FA 85 B2 00 00 00 00 4F 0D
17 00 3A 00 91 15 24 00 00 00 3A 88 B2 00 00 00 00 00 06 86 B2 00 00 00 00 50 0D
17 00 3A 00 91 15 24 00 00 3F 2F 88 B2 00 00 00 00 C1 10 86 B2 00 00 00 00 51 0D
17 00 3A 00 91 15 24 00 00 76 22 88 B2 00 00 00 00 8A 1D 86 B2 00 00 00 00 52 0D
17 00 3A 00 91 15 24 00 00 F4 17 88 B2 00 00 00 00 0C 28 86 B2 00 00 00 00 53 0D
17 00 3A 00 91 15 24 00 00 E3 0A 88 B2 00 00 00 00 1D 35 86 B2 00 00 00 00 54 0D
17 00 3A 00 91 15 24 00 00 70 00 88 B2 00 00 00 00 90 3F 86 B2 00 00 00 00 55 0D
17 00 3A 00 91 15 24 00 00 96 F3 87 B2 00 00 00 00 6A 4C 86 B2 00 00 00 00 56 0D
17 00 3A 00 91 15 24 00 00 F3 E9 87 B2 00 00 00 00 0D 56 86 B2 00 00 00 00 57 0D
17 00 3A 00 91 15 24 00 00 19 42 88 B2 00 00 00 00 E7 FD 85 B2 00 00 00 00 58 0D
17 00 3A 00 91 15 24 00 00 A2 37 88 B2 00 00 00 00 5E 08 86 B2 00 00 00 00 59 0D
17 00 3A 00 91 15 24 00 00 21 2B 88 B2 00 00 00 00 DF 14 86 B2 00 00 00 00 5A 0D
17 00 3A 00 91 15 24 00 00 E9 20 88 B2 00 00 00 00 17 1F 86 B2 00 00 00 00 5B 0D
17 00 3A 00 91 15 24 00 00 77 14 88 B2 00 00 00 00 89 2B 86 B2 00 00 00 00 5C 0D
17 00 3A 00 91 15 24 00 00 F7 0A 88 B2 00 00 00 00 09 35 86 B2 00 00 00 00 5D 0D
17 00 3A 00 91 15 24 00 00 03 FE 87 B2 00 00 00 00 FD 41 86 B2 00 00 00 00 5E 0D
17 00 3A 00 91 15 24 00 00 29 F4 87 B2 00 00 00 00 D7 4B 86 B2 00 00 00 00 5F 0D
17 00 3A 00 91 15 24 00 00 FB E7 87 B2 00 00 00 00 05 58 86 B2 00 00 00 00 60 0D
17 00 3A 00 91 15 24 00 00 1B 43 88 B2 00 00 00 00 E5 FC 85 B2 00 00 00 00 61 0D
17 00 3A 00 91 15 24 00 00 7B 37 88 B2 00 00 00 00 85 08 86 B2 00 00 00 00 62 0D
17 00 3A 00 91 15 24 00 00 9F 2E 88 B2 00 00 00 00 61 11 86 B2 00 00 00 00 63 0D
17 00 3A 00 91 15 24 00 00 58 21 88 B2 00 00 00 00 A8 1E 86 B2 00 00 00 00 64 0D
17 00 3A 00 91 15 24 00 00 06 17 88 B2 00 00 00 00 FA 28 86 B2 00 00 00 00 65 0D
17 00 3A 00 91 15 24 00 00 26 0B 88 B2 00 00 00 00 DA 34 86 B2 00 00 00 00 66 0D
17 00 3A 00 91 15 24 00 00 C7 01 88 B2 00 00 00 00 39 3E 86 B2 00 00 00 00 67 0D
17 00 3A 00 91 15 24 00 00 F8 F4 87 B2 00 00 00 00 08 4B 86 B2 00 00 00 00 68 0D
17 00 3A 00 91 15 24 00 00 24 EB 87 B2 00 00 00 00 DC 54 86 B2 00 00 00 00 69 0D
17 00 3A 00 91 15 24 00 00 B2 44 88 B2 00 00 00 00 4E FB 85 B2 00 00 00 00 6A 0D
17 00 3A 00 91 15 24 00 00 DE 3B 88 B2 00 00 00 00 22 04 86 B2 00 00 00 00 6B 0D
17 00 3A 00 91 15 24 00 00 89 2E 88 B2 00 00 00 00 77 11 86 B2 00 00 00 00 6C 0D
17 00 3A 00 91 15 24 00 00 FA 24 88 B2 00 00 00 00 06 1B 86 B2 00 00 00 00 6D 0D
17 00 3A 00 91 15 24 00 00 9C 18 88 B2 00 00 00 00 64 27 86 B2 00 00 00 00 6E 0D
17 00 3A 00 91 15 24 00 00 7B 0F 88 B2 00 00 00 00 85 30 86 B2 00 00 00 00 6F 0D
17 00 3A 00 91 15 24 00 00 C0 02 88 B2 00 00 00 00 40 3D 86 B2 00 00 00 00 70 0D
17 00 3A 00 91 15 24 00 00 0B F8 87 B2 00 00 00 00 F5 47 86 B2 00 00 00 00 71 0D
17 00 3A 00 91 15 24 00 00 F2 EC 87 B2 00 00 00 00 0E 53 86 B2 00 00 00 00 72 0D
17 00 3A 00 91 15 24 00 00 0D 48 88 B2 00 00 00 00 F3 F7 85 B2 00 00 00 00 73 0D
17 00 3A 00 91 15 24 00 00 E3 3C 88 B2 00 00 00 00 1D 03 86 B2 00 00 00 00 74 0D
17 00 3A 00 91 15 24 00 00 8B 32 88 B2 00 00 00 00 75 0D 86 B2 00 00 00 00 75 0D
17 00 3A 00 91 15 24 00 00 63 27 88 B2 00 00 00 00 9D 18 86 B2 00 00 00 00 76 0D
17 00 3A 00 91 15 24 00 00 1F 1D 88 B2 00 00 00 00 E1 22 86 B2 00 00 00 00 77 0D
17 00 3A 00 91 15 24 00 00 B6 11 88 B2 00 00 00 00 4A 2E 86 B2 00 00 00 00 78 0D
17 00 3A 00 91 15 24 00 00 06 09 88 B2 00 00 00 00 FA 36 86 B2 00 00 00 00 79 0D
17 00 3A 00 91 15 24 00 00 21 FC 87 B2 00 00 00 00 DF 43 86 B2 00 00 00 00 7A 0D
17 00 3A 00 91 15 24 00 00 16 F2 87 B2 00 00 00 00 EA 4D 86 B2 00 00 00 00 7B 0D
17 00 3A 00 91 15 24 00 00 4A 4C 88 B2 00 00 00 00 B6 F3 85 B2 00 00 00 00 7C 0D
17 00 3A 00 91 15 24 00 00 A3 42 88 B2 00 00 00 00 5D FD 85 B2 00 00 00 00 7D 0D
17 00 3A 00 91 15 24 00 00 EC 36 88 B2 00 00 00 00 14 09 86 B2 00 00 00 00 7E 0D
17 00 3A 00 91 15 24 00 00 48 2C 88 B2 00 00 00 00 B8 13 86 B2 00 00 00 00 7F 0D
17 00 3A 00 91 15 24 00 00 89 21 88 B2 00 00 00 00 77 1E 86 B2 00 00 00 00 80 0D
17 00 3A 00 91 15 24 00 00 90 17 88 B2 00 00 00 00 70 28 86 B2 00 00 00 00 81 0D
17 00 3A 00 91 15 24 00 00 2A 0C 88 B2 00 00 00 00 D6 33 86 B2 00 00 00 00 82 0D
17 00 3A 00 91 15 24 00 00 6B 02 88 B2 00 00 00 00 95 3D 86 B2 00 00 00 00 83 0D
17 00 3A 00 91 15 24 00 00 B9 F6 87 B2 00 00 00 00 47 49 86 B2 00 00 00 00 84 0D
17 00 3A 00 91 15 24 00 00 10 ED 87 B2 00 00 00 00 F0 52 86 B2 00 00 00 00 85 0D
17 00 3A 00 91 15 24 00 00 C4 46 88 B2 00 00 00 00 3C F9 85 B2 00 00 00 00 86 0D
17 00 3A 00 91 15 24 00 00 BF 3C 88 B2 00 00 00 00 41 03 86 B2 00 00 00 00 87 0D
17 00 3A 00 91 15 24 00 00 59 31 88 B2 00 00 00 00 A7 0E 86 B2 00 00 00 00 88 0D
17 00 3A 00 91 15 24 00 00 C6 27 88 B2 00 00 00 00 3A 18 86 B2 00 00 00 00 89 0D
17 00 3A 00 91 15 24 00 00 F3 1B 88 B2 00 00 00 00 0D 24 86 B2 00 00 00 00 8A 0D
17 00 3A 00 91 15 24 00 00 78 12 88 B2 00 00 00 00 88 2D 86 B2 00 00 00 00 8B 0D
17 00 3A 00 91 15 24 00 00 BD 06 88 B2 00 00 00 00 43 39 86 B2 00 00 00 00 8C 0D
17 00 3A 00 91 15 24 00 00 0C FE 87 B2 00 00 00 00 F4 41 86 B2 00 00 00 00 8D 0D
17 00 3A 00 91 15 24 00 00 D4 F1 87 B2 00 00 00 00 2C 4E 86 B2 00 00 00 00 8E 0D
17 00 3A 00 91 15 24 00 00 94 4E 88 B2 00 00 00 00 6C F1 85 B2 00 00 00 00 8F 0D
17 00 3A 00 91 15 24 00 00 61 42 88 B2 00 00 00 00 9F FD 85 B2 00 00 00 00 90 0D
17 00 3A 00 91 15 24 00 00 E1 39 88 B2 00 00 00 00 1F 06 86 B2 00 00 00 00 91 0D
17 00 3A 00 91 15 24 00 00 60 2D 88 B2 00 00 00 00 A0 12 86 B2 00 00 00 00 92 0D
17 00 3A 00 91 15 24 00 00 DB 23 88 B2 00 00 00 00 25 1C 86 B2 00 00 00 00 93 0D
17 00 3A 00 91 15 24 00 00 86 18 88 B2 00 00 00 00 7A 27 86 B2 00 00 00 00 94 0D
17 00 3A 00 91 15 24 00 00 FF 0D 88 B2 00 00 00 00 01 32 86 B2 00 00 00 00 95 0D
17 00 3A 00 91 15 24 00 00 7B 03 88 B2 00 00 00 00 85 3C 86 B2 00 00 00 00 96 0D
17 00 3A 00 91 15 24 00 00 F5 FA 87 B2 00 00 00 00 0B 45 86 B2 00 00 00 00 97 0D
17 00 3A 00 91 15 24 00 00 52 EE 87 B2 00 00 00 00 AE 51 86 B2 00 00 00 00 98 0D
17 00 3A 00 91 15 24 00 00 9E 4B 88 B2 00 00 00 00 62 F4 85 B2 00 00 00 00 99 0D
17 00 3A 00 91 15 24 00 00 E1 3E 88 B2 00 00 00 00 1F 01 86 B2 00 00 00 00 9A 0D
17 00 3A 00 91 15 24 00 00 70 35 88 B2 00 00 00 00 90 0A 86 B2 00 00 00 00 9B 0D
17 00 3A 00 91 15 24 00 00 0D 2A 88 B2 00 00 00 00 F3 15 86 B2 00 00 00 00 9C 0D
17 00 3A 00 91 15 24 00 00 8D 1E 88 B2 00 00 00 00 73 21 86 B2 00 00 00 00 9D 0D
17 00 3A 00 91 15 24 00 00 1F 15 88 B2 00 00 00 00 E1 2A 86 B2 00 00 00 00 9E 0D
17 00 3A 00 91 15 24 00 00 10 0C 88 B2 00 00 00 00 F0 33 86 B2 00 00 00 00 9F 0D
17 00 3A 00 91 15 24 00 00 45 00 88 B2 00 00 00 00 BB 3F 86 B2 00 00 00 00 A0 0D
17 00 3A 00 91 15 24 00 00 B0 F7 87 B2 00 00 00 00 50 48 86 B2 00 00 00 00 A1 0D
17 00 3A 00 91 15 24 00 00 4E EB 87 B2 00 00 00 00 B2 54 86 B2 00 00 00 00 A2 0D
17 00 3A 00 91 15 24 00 00 94 47 88 B2 00 00 00 00 6C F8 85 B2 00 00 00 00 A3 0D
17 00 3A 00 91 15 24 00 00 EA 3B 88 B2 00 00 00 00 16 04 86 B2 00 00 00 00 A4 0D
17 00 3A 00 91 15 24 00 00 19 31 88 B2 00 00 00 00 E7 0E 86 B2 00 00 00 00 A5 0D
17 00 3A 00 91 15 24 00 00 3C 27 88 B2 00 00 00 00 C4 18 86 B2 00 00 00 00 A6 0D
17 00 3A 00 91 15 24 00 00 83 1D 88 B2 00 00 00 00 7D 22 86 B2 00 00 00 00 A7 0D
17 00 3A 00 91 15 24 00 00 87 12 88 B2 00 00 00 00 79 2D 86 B2 00 00 00 00 A8 0D
17 00 3A 00 91 15 24 00 00 FB 07 88 B2 00 00 00 00 05 38 86 B2 00 00 00 00 A9 0D
17 00 3A 00 91 15 24 00 00 C7 FD 87 B2 00 00 00 00 39 42 86 B2 00 00 00 00 AA 0D
17 00 3A 00 91 15 24 00 00 78 F3 87 B2 00 00 00 00 88 4C 86 B2 00 00 00 00 AB 0D
17 00 3A 00 91 15 24 00 00 02 E9 87 B2 00 00 00 00 FE 56 86 B2 00 00 00 00 AC 0D
17 00 3A 00 91 15 24 00 00 1F 45 88 B2 00 00 00 00 E1 FA 85 B2 00 00 00 00 AD 0D
17 00 3A 00 91 15 24 00 00 20 3A 88 B2 00 00 00 00 E0 05 86 B2 00 00 00 00 AE 0D
17 00 3A 00 91 15 24 00 00 83 30 88 B2 00 00 00 00 7D 0F 86 B2 00 00 00 00 AF 0D
17 00 3A 00 91 15 24 00 00 C0 25 88 B2 00 00 00 00 40 1A 86 B2 00 00 00 00 B0 0D
17 00 3A 00 91 15 24 00 00 1F 1D 88 B2 00 00 00 00 E1 22 86 B2 00 00 00 00 B1 0D
17 00 3A 00 91 15 24 00 00 5F 11 88 B2 00 00 00 00 A1 2E 86 B2 00 00 00 00 B2 0D
17 00 3A 00 91 15 24 00 00 F3 06 88 B2 00 00 00 00 0D 39 86 B2 00 00 00 00 B3 0D
17 00 3A 00 91 15 24 00 00 FE FC 87 B2 00 00 00 00 02 43 86 B2 00 00 00 00 B4 0D
17 00 3A 00 91 15 24 00 00 26 F3 87 B2 00 00 00 00 DA 4C 86 B2 00 00 00 00 B5 0D
17 00 3A 00 91 15 24 00 00 87 E8 87 B2 00 00 00 00 79 57 86 B2 00 00 00 00 B6 0D
17 00 3A 00 91 15 24 00 00 FE DC 87 B2 00 00 00 00 02 63 86 B2 00 00 00 00 B7 0D
17 00 3A 00 91 15 24 00 00 C0 39 88 B2 00 00 00 00 40 06 86 B2 00 00 00 00 B8 0D
17 00 3A 00 91 15 24 00 00 84 31 88 B2 00 00 00 00 7C 0E 86 B2 00 00 00 00 B9 0D
17 00 3A 00 91 15 24 00 00 64 25 88 B2 00 00 00 00 9C 1A 86 B2 00 00 00 00 BA 0D
17 00 3A 00 91 15 24 00 00 E6 1B 88 B2 00 00 00 00 1A 24 86 B2 00 00 00 00 BB 0D
17 00 3A 00 91 15 24 00 00 11 11 88 B2 00 00 00 00 EF 2E 86 B2 00 00 00 00 BC 0D
17 00 3A 00 91 15 24 00 00 5F 08 88 B2 00 00 00 00 A1 37 86 B2 00 00 00 00 BD 0D
17 00 3A 00 91 15 24 00 00 F2 FC 87 B2 00 00 00 00 0E 43 86 B2 00 00 00 00 BE 0D
17 00 3A 00 91 15 24 00 00 AD F5 87 B2 00 00 00 00 53 4A 86 B2 00 00 00 00 BF 0D
17 00 3A 00 91 15 24 00 00 43 E9 87 B2 00 00 00 00 BD 56 86 B2 00 00 00 00 C0 0D
17 00 3A 00 91 15 24 00 00 F1 45 88 B2 00 00 00 00 0F FA 85 B2 00 00 00 00 C1 0D
17 00 3A 00 91 15 24 00 00 46 3B 88 B2 00 00 00 00 BA 04 86 B2 00 00 00 00 C2 0D
17 00 3A 00 91 15 24 00 00 A7 30 88 B2 00 00 00 00 59 0F 86 B2 00 00 00 00 C3 0D
17 00 3A 00 91 15 24 00 00 D3 27 88 B2 00 00 00 00 2D 18 86 B2 00 00 00 00 C4 0D
17 00 3A 00 91 15 24 00 00 EA 1E 88 B2 00 00 00 00 16 21 86 B2 00 00 00 00 C5 0D
17 00 3A 00 91 15 24 00 00 25 14 88 B2 00 00 00 00 DB 2B 86 B2 00 00 00 00 C6 0D
17 00 3A 00 91 15 24 00 00 4F 0C 88 B2 00 00 00 00 B1 33 86 B2 00 00 00 00 C7 0D
17 00 3A 00 91 15 24 00 00 9D 00 88 B2 00 00 00 00 63 3F 86 B2 00 00 00 00 C8 0D
17 00 3A 00 91 15 24 00 00 54 F8 87 B2 00 00 00 00 AC 47 86 B2 00 00 00 00 C9 0D
17 00 3A 00 91 15 24 00 00 93 ED 87 B2 00 00 00 00 6D 52 86 B2 00 00 00 00 CA 0D
17 00 3A 00 91 15 24 00 00 EC 49 88 B2 00 00 00 00 14 F6 85 B2 00 00 00 00 CB 0D
17 00 3A 00 91 15 24 00 00 4B 40 88 B2 00 00 00 00 B5 FF 85 B2 00 00 00 00 CC 0D
17 00 3A 00 91 15 24 00 00 81 38 88 B2 00 00 00 00 7F 07 86 B2 00 00 00 00 CD 0D
17 00 3A 00 91 15 24 00 00 39 2E 88 B2 00 00 00 00 C7 11 86 B2 00 00 00 00 CE 0D
17 00 3A 00 91 15 24 00 00 40 27 88 B2 00 00 00 00 C0 18 86 B2 00 00 00 00 CF 0D
17 00 3A 00 91 15 24 00 00 AA 1C 88 B2 00 00 00 00 56 23 86 B2 00 00 00 00 D0 0D
17 00 3A 00 91 15 24 00 00 D5 15 88 B2 00 00 00 00 2B 2A 86 B2 00 00 00 00 D1 0D
17 00 3A 00 91 15 24 00 00 C9 0B 88 B2 00 00 00 00 37 34 86 B2 00 00 00 00 D2 0D
17 00 3A 00 91 15 24 00 00 A9 04 88 B2 00 00 00 00 57 3B 86 B2 00 00 00 00 D3 0D
17 00 3A 00 91 15 24 00 00 74 FB 87 B2 00 00 00 00 8C 44 86 B2 00 00 00 00 D4 0D
17 00 3A 00 91 15 24 00 00 E3 F2 87 B2 00 00 00 00 1D 4D 86 B2 00 00 00 00 D5 0D
17 00 3A 00 91 15 24 00 00 27 EB 87 B2 00 00 00 00 D9 54 86 B2 00 00 00 00 D6 0D
17 00 3A 00 91 15 24 00 00 E2 49 88 B2 00 00 00 00 1E F6 85 B2 00 00 00 00 D7 0D
17 00 3A 00 91 15 24 00 00 CD 40 88 B2 00 00 00 00 33 FF 85 B2 00 00 00 00 D8 0D
17 00 3A 00 91 15 24 00 00 3E 39 88 B2 00 00 00 00 C2 06 86 B2 00 00 00 00 D9 0D
17 00 3A 00 91 15 24 00 00 D7 30 88 B2 00 00 00 00 29 0F 86 B2 00 00 00 00 DA 0D
17 00 3A 00 91 15 24 00 00 2C 29 88 B2 00 00 00 00 D4 16 86 B2 00 00 00 00 DB 0D
17 00 3A 00 91 15 24 00 00 39 21 88 B2 00 00 00 00 C7 1E 86 B2 00 00 00 00 DC 0D
17 00 3A 00 91 15 24 00 00 81 1A 88 B2 00 00 00 00 7F 25 86 B2 00 00 00 00 DD 0D
17 00 3A 00 91 15 24 00 00 86 11 88 B2 00 00 00 00 7A 2E 86 B2 00 00 00 00 DE 0D
17 00 3A 00 91 15 24 00 00 A5 0B 88 B2 00 00 00 00 5B 34 86 B2 00 00 00 00 DF 0D
17 00 3A 00 91 15 24 00 00 38 02 88 B2 00 00 00 00 C8 3D 86 B2 00 00 00 00 E0 0D
17 00 3A 00 91 15 24 00 00 C2 FB 87 B2 00 00 00 00 3E 44 86 B2 00 00 00 00 E1 0D
17 00 3A 00 91 15 24 00 00 E8 F2 87 B2 00 00 00 00 18 4D 86 B2 00 00 00 00 E2 0D
17 00 3A 00 91 15 24 00 00 0F ED 87 B2 00 00 00 00 F1 52 86 B2 00 00 00 00 E3 0D
17 00 3A 00 91 15 24 00 00 23 4A 88 B2 00 00 00 00 DD F5 85 B2 00 00 00 00 E4 0D
17 00 3A 00 91 15 24 00 00 CF 43 88 B2 00 00 00 00 31 FC 85 B2 00 00 00 00 E5 0D
17 00 3A 00 91 15 24 00 00 5B 3C 88 B2 00 00 00 00 A5 03 86 B2 00 00 00 00 E6 0D
17 00 3A 00 91 15 24 00 00 81 36 88 B2 00 00 00 00 7F 09 86 B2 00 00 00 00 E7 0D
17 00 3A 00 91 15 24 00 00 B9 2F 88 B2 00 00 00 00 47 10 86 B2 00 00 00 00 E8 0D
17 00 3A 00 91 15 24 00 00 BA 29 88 B2 00 00 00 00 46 16 86 B2 00 00 00 00 E9 0D
17 00 3A 00 91 15 24 00 00 CD 23 88 B2 00 00 00 00 33 1C 86 B2 00 00 00 00 EA 0D
17 00 3A 00 91 15 24 00 00 24 1E 88 B2 00 00 00 00 DC 21 86 B2 00 00 00 00 EB 0D
17 00 3A 00 91 15 24 00 00 94 18 88 B2 00 00 00 00 6C 27 86 B2 00 00 00 00 EC 0D
17 00 3A 00 91 15 24 00 00 12 14 88 B2 00 00 00 00 EE 2B 86 B2 00 00 00 00 ED 0D
17 00 3A 00 91 15 24 00 00 D1 0D 88 B2 00 00 00 00 2F 32 86 B2 00 00 00 00 EE 0D
17 00 3A 00 91 15 24 00 00 18 0A 88 B2 00 00 00 00 E8 35 86 B2 00 00 00 00 EF 0D
17 00 3A 00 91 15 24 00 00 47 03 88 B2 00 00 00 00 B9 3C 86 B2 00 00 00 00 F0 0D
17 00 3A 00 91 15 24 00 00 2B FF 87 B2 00 00 00 00 D5 40 86 B2 00 00 00 00 F1 0D
17 00 3A 00 91 15 24 00 00 31 F9 87 B2 00 00 00 00 CF 46 86 B2 00 00 00 00 F2 0D
17 00 3A 00 91 15 24 00 00 5C F5 87 B2 00 00 00 00 A4 4A 86 B2 00 00 00 00 F3 0D
17 00 3A 00 91 15 24 00 00 41 EF 87 B2 00 00 00 00 BF 50 86 B2 00 00 00 00 F4 0D
17 00 3A 00 91 15 24 00 00 62 EB 87 B2 00 00 00 00 9E 54 86 B2 00 00 00 00 F5 0D
17 00 3A 00 91 15 24 00 00 A1 4A 88 B2 00 00 00 00 5F F5 85 B2 00 00 00 00 F6 0D
17 00 3A 00 91 15 24 00 00 FE 46 88 B2 00 00 00 00 02 F9 85 B2 00 00 00 00 F7 0D
17 00 3A 00 91 15 24 00 00 EB 40 88 B2 00 00 00 00 15 FF 85 B2 00 00 00 00 F8 0D
17 00 3A 00 91 15 24 00 00 44 3D 88 B2 00 00 00 00 BC 02 86 B2 00 00 00 00 F9 0D
17 00 3A 00 91 15 24 00 00 47 37 88 B2 00 00 00 00 B9 08 86 B2 00 00 00 00 FA 0D
17 00 3A 00 91 15 24 00 00 CC 32 88 B2 00 00 00 00 34 0D 86 B2 00 00 00 00 FB 0D
17 00 3A 00 91 15 24 00 00 D2 2D 88 B2 00 00 00 00 2E 12 86 B2 00 00 00 00 FC 0D
17 00 3A 00 91 15 24 00 00 DA 26 88 B2 00 00 00 00 26 19 86 B2 00 00 00 00 FD 0D
17 00 3A 00 91 15 24 00 00 3F 24 88 B2 00 00 00 00 C1 1B 86 B2 00 00 00 00 FE 0D
17 00 3A 00 91 15 24 00 00 09 21 88 B2 00 00 00 00 F7 1E 86 B2 00 00 00 00 FF 0D
17 00 3A 00 91 15 24 00 00 F3 1A 88 B2 00 00 00 00 0D 25 86 B2 00 00 00 00 00 0E
17 00 3A 00 91 15 24 00 00 E7 16 88 B2 00 00 00 00 19 29 86 B2 00 00 00 00 01 0E
17 00 3A 00 91 15 24 00 00 B3 11 88 B2 00 00 00 00 4D 2E 86 B2 00 00 00 00 02 0E
17 00 3A 00 91 15 24 00 00 05 0E 88 B2 00 00 00 00 FB 31 86 B2 00 00 00 00 03 0E
17 00 3A 00 91 15 24 00 00 09 08 88 B2 00 00 00 00 F7 37 86 B2 00 00 00 00 04 0E
17 00 3A 00 91 15 24 00 00 99 03 88 B2 00 00 00 00 67 3C 86 B2 00 00 00 00 05 0E
17 00 3A 00 91 15 24 00 00 93 FE 87 B2 00 00 00 00 6D 41 86 B2 00 00 00 00 06 0E
17 00 3A 00 91 15 24 00 00 4C FA 87 B2 00 00 00 00 B4 45 86 B2 00 00 00 00 07 0E
17 00 3A 00 91 15 24 00 00 57 F5 87 B2 00 00 00 00 A9 4A 86 B2 00 00 00 00 08 0E
17 00 3A 00 91 15 24 00 00 DB F0 87 B2 00 00 00 00 25 4F 86 B2 00 00 00 00 09 0E
17 00 3A 00 91 15 24 00 00 05 EC 87 B2 00 00 00 00 FB 53 86 B2 00 00 00 00 0A 0E
17 00 3A 00 91 15 24 00 00 FC 4C 88 B2 00 00 00 00 04 F3 85 B2 00 00 00 00 0B 0E
17 00 3A 00 91 15 24 00 00 F1 E2 87 B2 00 00 00 00 0F 5D 86 B2 00 00 00 00 0C 0E
17 00 3A 00 91 15 24 00 00 1C 45 88 B2 00 00 00 00 E4 FA 85 B2 00 00 00 00 0D 0E
17 00 3A 00 91 15 24 00 00 8D 3F 88 B2 00 00 00 00 73 00 86 B2 00 00 00 00 0E 0E
17 00 3A 00 91 15 24 00 00 CA 3C 88 B2 00 00 00 00 36 03 86 B2 00 00 00 00 0F 0E
17 00 3A 00 91 15 24 00 00 47 36 88 B2 00 00 00 00 B9 09 86 B2 00 00 00 00 10 0E
17 00 3A 00 91 15 24 00 00 52 33 88 B2 00 00 00 00 AE 0C 86 B2 00 00 00 00 11 0E
17 00 3A 00 91 15 24 00 00 71 2D 88 B2 00 00 00 00 8F 12 86 B2 00 00 00 00 12 0E
17 00 3A 00 91 15 24 00 00 9D 29 88 B2 00 00 00 00 63 16 86 B2 00 00 00 00 13 0E
17 00 3A 00 91 15 24 00 00 81 24 88 B2 00 00 00 00 7F 1B 86 B2 00 00 00 00 14 0E
17 00 3A 00 91 15 24 00 00 9B 20 88 B2 00 00 00 00 65 1F 86 B2 00 00 00 00 15 0E
17 00 3A 00 91 15 24 00 00 9D 1B 88 B2 00 00 00 00 63 24 86 B2 00 00 00 00 16 0E
17 00 3A 00 91 15 24 00 00 DE 17 88 B2 00 00 00 00 22 28 86 B2 00 00 00 00 17 0E
17 00 3A 00 91 15 24 00 00 C4 12 88 B2 00 00 00 00 3C 2D 86 B2 00 00 00 00 18 0E
17 00 3A 00 91 15 24 00 00 3C 0F 88 B2 00 00 00 00 C4 30 86 B2 00 00 00 00 19 0E
17 00 3A 00 91 15 24 00 00 01 0A 88 B2 00 00 00 00 FF 35 86 B2 00 00 00 00 1A 0E
17 00 3A 00 91 15 24 00 00 DA 06 88 B2 00 00 00 00 26 39 86 B2 00 00 00 00 1B 0E
17 00 3A 00 91 15 24 00 00 62 01 88 B2 00 00 00 00 9E 3E 86 B2 00 00 00 00 1C 0E
17 00 3A 00 91 15 24 00 00 4E FE 87 B2 00 00 00 00 B2 41 86 B2 00 00 00 00 1D 0E
17 00 3A 00 91 15 24 00 00 D3 F8 87 B2 00 00 00 00 2D 47 86 B2 00 00 00 00 1E 0E
17 00 3A 00 91 15 24 00 00 B6 F5 87 B2 00 00 00 00 4A 4A 86 B2 00 00 00 00 1F 0E
17 00 3A 00 91 15 24 00 00 5E F0 87 B2 00 00 00 00 A2 4F 86 B2 00 00 00 00 20 0E
17 00 3A 00 91 15 24 00 00 56 ED 87 B2 00 00 00 00 AA 52 86 B2 00 00 00 00 21 0E
17 00 3A 00 91 15 24 00 00 68 4D 88 B2 00 00 00 00 98 F2 85 B2 00 00 00 00 22 0E
17 00 3A 00 91 15 24 00 00 53 4A 88 B2 00 00 00 00 AD F5 85 B2 00 00 00 00 23 0E
17 00 3A 00 91 15 24 00 00 94 44 88 B2 00 00 00 00 6C FB 85 B2 00 00 00 00 24 0E
17 00 3A 00 91 15 24 00 00 4D 41 88 B2 00 00 00 00 B3 FE 85 B2 00 00 00 00 25 0E
17 00 3A 00 91 15 24 00 00 0D 3C 88 B2 00 00 00 00 F3 03 86 B2 00 00 00 00 26 0E
17 00 3A 00 91 15 24 00 00 D7 38 88 B2 00 00 00 00 29 07 86 B2 00 00 00 00 27 0E
17 00 3A 00 91 15 24 00 00 4F 33 88 B2 00 00 00 00 B1 0C 86 B2 00 00 00 00 28 0E
17 00 3A 00 91 15 24 00 00 AF 30 88 B2 00 00 00 00 51 0F 86 B2 00 00 00 00 29 0E
17 00 3A 00 91 15 24 00 00 9A 2A 88 B2 00 00 00 00 66 15 86 B2 00 00 00 00 2A 0E
17 00 3A 00 91 15 24 00 00 0D 27 88 B2 00 00 00 00 F3 18 86 B2 00 00 00 00 2B 0E
17 00 3A 00 91 15 24 00 00 1C 22 88 B2 00 00 00 00 E4 1D 86 B2 00 00 00 00 2C 0E
17 00 3A 00 91 15 24 00 00 8B 1E 88 B2 00 00 00 00 75 21 86 B2 00 00 00 00 2D 0E
17 00 3A 00 91 15 24 00 00 83 19 88 B2 00 00 00 00 7D 26 86 B2 00 00 00 00 2E 0E
17 00 3A 00 91 15 24 00 00 F7 14 88 B2 00 00 00 00 09 2B 86 B2 00 00 00 00 2F 0E
17 00 3A 00 91 15 24 00 00 06 11 88 B2 00 00 00 00 FA 2E 86 B2 00 00 00 00 30 0E
17 00 3A 00 91 15 24 00 00 71 0E 88 B2 00 00 00 00 8F 31 86 B2 00 00 00 00 31 0E
17 00 3A 00 91 15 24 00 00 78 08 88 B2 00 00 00 00 88 37 86 B2 00 00 00 00 32 0E
17 00 3A 00 91 15 24 00 00 23 06 88 B2 00 00 00 00 DD 39 86 B2 00 00 00 00 33 0E
17 00 3A 00 91 15 24 00 00 DA FF 87 B2 00 00 00 00 26 40 86 B2 00 00 00 00 34 0E
17 00 3A 00 91 15 24 00 00 55 FD 87 B2 00 00 00 00 AB 42 86 B2 00 00 00 00 35 0E
17 00 3A 00 91 15 24 00 00 1D F7 87 B2 00 00 00 00 E3 48 86 B2 00 00 00 00 36 0E
17 00 3A 00 91 15 24 00 00 0B F4 87 B2 00 00 00 00 F5 4B 86 B2 00 00 00 00 37 0E
17 00 3A 00 91 15 24 00 00 9F EE 87 B2 00 00 00 00 61 51 86 B2 00 00 00 00 38 0E
17 00 3A 00 91 15 24 00 00 53 EC 87 B2 00 00 00 00 AD 53 86 B2 00 00 00 00 39 0E
17 00 3A 00 91 15 24 00 00 6E 4B 88 B2 00 00 00 00 92 F4 85 B2 00 00 00 00 3A 0E
17 00 3A 00 91 15 24 00 00 64 46 88 B2 00 00 00 00 9C F9 85 B2 00 00 00 00 3B 0E
17 00 3A 00 91 15 24 00 00 D6 42 88 B2 00 00 00 00 2A FD 85 B2 00 00 00 00 3C 0E
17 00 3A 00 91 15 24 00 00 8B 3F 88 B2 00 00 00 00 75 00 86 B2 00 00 00 00 3D 0E
17 00 3A 00 91 15 24 00 00 6B 3A 88 B2 00 00 00 00 95 05 86 B2 00 00 00 00 3E 0E
17 00 3A 00 91 15 24 00 00 CC 36 88 B2 00 00 00 00 34 09 86 B2 00 00 00 00 3F 0E
17 00 3A 00 91 15 24 00 00 E1 31 88 B2 00 00 00 00 1F 0E 86 B2 00 00 00 00 40 0E
17 00 3A 00 91 15 24 00 00 71 2E 88 B2 00 00 00 00 8F 11 86 B2 00 00 00 00 41 0E
17 00 3A 00 91 15 24 00 00 3A 29 88 B2 00 00 00 00 C6 16 86 B2 00 00 00 00 42 0E
17 00 3A 00 91 15 24 00 00 D9 26 88 B2 00 00 00 00 27 19 86 B2 00 00 00 00 43 0E
17 00 3A 00 91 15 24 00 00 9B 20 88 B2 00 00 00 00 65 1F 86 B2 00 00 00 00 44 0E
17 00 3A 00 91 15 24 00 00 B8 1D 88 B2 00 00 00 00 48 22 86 B2 00 00 00 00 45 0E
17 00 3A 00 91 15 24 00 00 1B 18 88 B2 00 00 00 00 E5 27 86 B2 00 00 00 00 46 0E
17 00 3A 00 91 15 24 00 00 92 15 88 B2 00 00 00 00 6E 2A 86 B2 00 00 00 00 47 0E
17 00 3A 00 91 15 24 00 00 D2 0F 88 B2 00 00 00 00 2E 30 86 B2 00 00 00 00 48 0E
17 00 3A 00 91 15 24 00 00 8D 0C 88 B2 00 00 00 00 73 33 86 B2 00 00 00 00 49 0E
17 00 3A 00 91 15 24 00 00 6D 07 88 B2 00 00 00 00 93 38 86 B2 00 00 00 00 4A 0E
17 00 3A 00 91 15 24 00 00 15 04 88 B2 00 00 00 00 EB 3B 86 B2 00 00 00 00 4B 0E
17 00 3A 00 91 15 24 00 00 6F FF 87 B2 00 00 00 00 91 40 86 B2 00 00 00 00 4C 0E
17 00 3A 00 91 15 24 00 00 F4 FB 87 B2 00 00 00 00 0C 44 86 B2 00 00 00 00 4D 0E
17 00 3A 00 91 15 24 00 00 9B F7 87 B2 00 00 00 00 65 48 86 B2 00 00 00 00 4E 0E
17 00 3A 00 91 15 24 00 00 09 F5 87 B2 00 00 00 00 F7 4A 86 B2 00 00 00 00 4F 0E
17 00 3A 00 91 15 24 00 00 DC EF 87 B2 00 00 00 00 24 50 86 B2 00 00 00 00 50 0E
17 00 3A 00 91 15 24 00 00 53 EC 87 B2 00 00 00 00 AD 53 86 B2 00 00 00 00 51 0E
17 00 3A 00 91 15 24 00 00 04 E8 87 B2 00 00 00 00 FC 57 86 B2 00 00 00 00 52 0E
17 00 3A 00 91 15 24 00 00 4D 4B 88 B2 00 00 00 00 B3 F4 85 B2 00 00 00 00 53 0E
17 00 3A 00 91 15 24 00 00 00 46 88 B2 00 00 00 00 00 FA 85 B2 00 00 00 00 54 0E
17 00 3A 00 91 15 24 00 00 DF 43 88 B2 00 00 00 00 21 FC 85 B2 00 00 00 00 55 0E
17 00 3A 00 91 15 24 00 00 F6 3D 88 B2 00 00 00 00 0A 02 86 B2 00 00 00 00 56 0E
17 00 3A 00 91 15 24 00 00 C9 3A 88 B2 00 00 00 00 37 05 86 B2 00 00 00 00 57 0E
17 00 3A 00 91 15 24 00 00 27 36 88 B2 00 00 00 00 D9 09 86 B2 00 00 00 00 58 0E
17 00 3A 00 91 15 24 00 00 15 33 88 B2 00 00 00 00 EB 0C 86 B2 00 00 00 00 59 0E
17 00 3A 00 91 15 24 00 00 36 2E 88 B2 00 00 00 00 CA 11 86 B2 00 00 00 00 5A 0E
17 00 3A 00 91 15 24 00 00 E9 2B 88 B2 00 00 00 00 17 14 86 B2 00 00 00 00 5B 0E
17 00 3A 00 91 15 24 00 00 84 26 88 B2 00 00 00 00 7C 19 86 B2 00 00 00 00 5C 0E
17 00 3A 00 91 15 24 00 00 22 23 88 B2 00 00 00 00 DE 1C 86 B2 00 00 00 00 5D 0E
17 00 3A 00 91 15 24 00 00 8C 1E 88 B2 00 00 00 00 74 21 86 B2 00 00 00 00 5E 0E
17 00 3A 00 91 15 24 00 00 45 1B 88 B2 00 00 00 00 BB 24 86 B2 00 00 00 00 5F 0E
17 00 3A 00 91 15 24 00 00 A5 16 88 B2 00 00 00 00 5B 29 86 B2 00 00 00 00 60 0E
17 00 3A 00 91 15 24 00 00 1F 14 88 B2 00 00 00 00 E1 2B 86 B2 00 00 00 00 61 0E
17 00 3A 00 91 15 24 00 00 52 0E 88 B2 00 00 00 00 AE 31 86 B2 00 00 00 00 62 0E
17 00 3A 00 91 15 24 00 00 3F 0A 88 B2 00 00 00 00 C1 35 86 B2 00 00 00 00 63 0E
17 00 3A 00 91 15 24 00 00 64 06 88 B2 00 00 00 00 9C 39 86 B2 00 00 00 00 64 0E
17 00 3A 00 91 15 24 00 00 3B 04 88 B2 00 00 00 00 C5 3B 86 B2 00 00 00 00 65 0E
17 00 3A 00 91 15 24 00 00 29 FE 87 B2 00 00 00 00 D7 41 86 B2 00 00 00 00 66 0E
17 00 3A 00 91 15 24 00 00 AF FB 87 B2 00 00 00 00 51 44 86 B2 00 00 00 00 67 0E
17 00 3A 00 91 15 24 00 00 E3 F5 87 B2 00 00 00 00 1D 4A 86 B2 00 00 00 00 68 0E
17 00 3A 00 91 15 24 00 00 38 F1 87 B2 00 00 00 00 C8 4E 86 B2 00 00 00 00 69 0E
17 00 3A 00 91 15 24 00 00 B9 ED 87 B2 00 00 00 00 47 52 86 B2 00 00 00 00 6A 0E
17 00 3A 00 91 15 24 00 00 FB E9 87 B2 00 00 00 00 05 56 86 B2 00 00 00 00 6B 0E
17 00 3A 00 91 15 24 00 00 34 4B 88 B2 00 00 00 00 CC F4 85 B2 00 00 00 00 6C 0E
17 00 3A 00 91 15 24 00 00 F2 48 88 B2 00 00 00 00 0E F7 85 B2 00 00 00 00 6D 0E
17 00 3A 00 91 15 24 00 00 16 43 88 B2 00 00 00 00 EA FC 85 B2 00 00 00 00 6E 0E
17 00 3A 00 91 15 24 00 00 18 40 88 B2 00 00 00 00 E8 FF 85 B2 00 00 00 00 6F 0E
17 00 3A 00 91 15 24 00 00 E4 3A 88 B2 00 00 00 00 1C 05 86 B2 00 00 00 00 70 0E
17 00 3A 00 91 15 24 00 00 49 38 88 B2 00 00 00 00 B7 07 86 B2 00 00 00 00 71 0E
17 00 3A 00 91 15 24 00 00 93 32 88 B2 00 00 00 00 6D 0D 86 B2 00 00 00 00 72 0E
17 00 3A 00 91 15 24 00 00 3E 30 88 B2 00 00 00 00 C2 0F 86 B2 00 00 00 00 73 0E
17 00 3A 00 91 15 24 00 00 42 2A 88 B2 00 00 00 00 BE 15 86 B2 00 00 00 00 74 0E
17 00 3A 00 91 15 24 00 00 29 26 88 B2 00 00 00 00 D7 19 86 B2 00 00 00 00 75 0E
17 00 3A 00 91 15 24 00 00 CC 21 88 B2 00 00 00 00 34 1E 86 B2 00 00 00 00 76 0E
17 00 3A 00 91 15 24 00 00 DD 1E 88 B2 00 00 00 00 23 21 86 B2 00 00 00 00 77 0E
17 00 3A 00 91 15 24 00 00 62 19 88 B2 00 00 00 00 9E 26 86 B2 00 00 00 00 78 0E
17 00 3A 00 91 15 24 00 00 B1 14 88 B2 00 00 00 00 4F 2B 86 B2 00 00 00 00 79 0E
17 00 3A 00 91 15 24 00 00 32 11 88 B2 00 00 00 00 CE 2E 86 B2 00 00 00 00 7A 0E
17 00 3A 00 91 15 24 00 00 AF 0B 88 B2 00 00 00 00 51 34 86 B2 00 00 00 00 7B 0E
17 00 3A 00 91 15 24 00 00 F1 08 88 B2 00 00 00 00 0F 37 86 B2 00 00 00 00 7C 0E
17 00 3A 00 91 15 24 00 00 14 06 88 B2 00 00 00 00 EC 39 86 B2 00 00 00 00 7D 0E
17 00 3A 00 91 15 24 00 00 B8 00 88 B2 00 00 00 00 48 3F 86 B2 00 00 00 00 7E 0E
17 00 3A 00 91 15 24 00 00 85 FD 87 B2 00 00 00 00 7B 42 86 B2 00 00 00 00 7F 0E
17 00 3A 00 91 15 24 00 00 73 F8 87 B2 00 00 00 00 8D 47 86 B2 00 00 00 00 80 0E
17 00 3A 00 91 15 24 00 00 FE F4 87 B2 00 00 00 00 02 4B 86 B2 00 00 00 00 81 0E
17 00 3A 00 91 15 24 00 00 0E F0 87 B2 00 00 00 00 F2 4F 86 B2 00 00 00 00 82 0E
17 00 3A 00 91 15 24 00 00 A6 EB 87 B2 00 00 00 00 5A 54 86 B2 00 00 00 00 83 0E
17 00 3A 00 91 15 24 00 00 0C 4D 88 B2 00 00 00 00 F4 F2 85 B2 00 00 00 00 84 0E
17 00 3A 00 91 15 24 00 00 42 4A 88 B2 00 00 00 00 BE F5 85 B2 00 00 00 00 85 0E
17 00 3A 00 91 15 24 00 00 62 44 88 B2 00 00 00 00 9E FB 85 B2 00 00 00 00 86 0E
17 00 3A 00 91 15 24 00 00 44 40 88 B2 00 00 00 00 BC FF 85 B2 00 00 00 00 87 0E
17 00 3A 00 91 15 24 00 00 DD 3B 88 B2 00 00 00 00 23 04 86 B2 00 00 00 00 88 0E
17 00 3A 00 91 15 24 00 00 43 38 88 B2 00 00 00 00 BD 07 86 B2 00 00 00 00 89 0E
17 00 3A 00 91 15 24 00 00 37 33 88 B2 00 00 00 00 C9 0C 86 B2 00 00 00 00 8A 0E
17 00 3A 00 91 15 24 00 00 24 30 88 B2 00 00 00 00 DC 0F 86 B2 00 00 00 00 8B 0E
17 00 3A 00 91 15 24 00 00 FF 2A 88 B2 00 00 00 00 01 15 86 B2 00 00 00 00 8C 0E
17 00 3A 00 91 15 24 00 00 D9 27 88 B2 00 00 00 00 27 18 86 B2 00 00 00 00 8D 0E
17 00 3A 00 91 15 24 00 00 C6 22 88 B2 00 00 00 00 3A 1D 86 B2 00 00 00 00 8E 0E
17 00 3A 00 91 15 24 00 00 7F 20 88 B2 00 00 00 00 81 1F 86 B2 00 00 00 00 8F 0E
17 00 3A 00 91 15 24 00 00 6E 1A 88 B2 00 00 00 00 92 25 86 B2 00 00 00 00 90 0E
17 00 3A 00 91 15 24 00 00 C0 17 88 B2 00 00 00 00 40 28 86 B2 00 00 00 00 91 0E
17 00 3A 00 91 15 24 00 00 2B 12 88 B2 00 00 00 00 D5 2D 86 B2 00 00 00 00 92 0E
17 00 3A 00 91 15 24 00 00 B7 0E 88 B2 00 00 00 00 49 31 86 B2 00 00 00 00 93 0E
17 00 3A 00 91 15 24 00 00 A3 09 88 B2 00 00 00 00 5D 36 86 B2 00 00 00 00 94 0E
17 00 3A 00 91 15 24 00 00 8D 07 88 B2 00 00 00 00 73 38 86 B2 00 00 00 00 95 0E
17 00 3A 00 91 15 24 00 00 62 01 88 B2 00 00 00 00 9E 3E 86 B2 00 00 00 00 96 0E
17 00 3A 00 91 15 24 00 00 03 FD 87 B2 00 00 00 00 FD 42 86 B2 00 00 00 00 97 0E
17 00 3A 00 91 15 24 00 00 D0 F8 87 B2 00 00 00 00 30 47 86 B2 00 00 00 00 98 0E
17 00 3A 00 91 15 24 00 00 CD F4 87 B2 00 00 00 00 33 4B 86 B2 00 00 00 00 99 0E
17 00 3A 00 91 15 24 00 00 83 F0 87 B2 00 00 00 00 7D 4F 86 B2 00 00 00 00 9A 0E
17 00 3A 00 91 15 24 00 00 36 EC 87 B2 00 00 00 00 CA 53 86 B2 00 00 00 00 9B 0E
17 00 3A 00 91 15 24 00 00 1B E8 87 B2 00 00 00 00 E5 57 86 B2 00 00 00 00 9C 0E
17 00 3A 00 91 15 24 00 00 A3 4A 88 B2 00 00 00 00 5D F5 85 B2 00 00 00 00 9D 0E
17 00 3A 00 91 15 24 00 00 81 45 88 B2 00 00 00 00 7F FA 85 B2 00 00 00 00 9E 0E
17 00 3A 00 91 15 24 00 00 85 42 88 B2 00 00 00 00 7B FD 85 B2 00 00 00 00 9F 0E
17 00 3A 00 91 15 24 00 00 3B 3D 88 B2 00 00 00 00 C5 02 86 B2 00 00 00 00 A0 0E
17 00 3A 00 91 15 24 00 00 76 39 88 B2 00 00 00 00 8A 06 86 B2 00 00 00 00 A1 0E
17 00 3A 00 91 15 24 00 00 DD 34 88 B2 00 00 00 00 23 0B 86 B2 00 00 00 00 A2 0E
17 00 3A 00 91 15 24 00 00 F5 31 88 B2 00 00 00 00 0B 0E 86 B2 00 00 00 00 A3 0E
17 00 3A 00 91 15 24 00 00 49 2C 88 B2 00 00 00 00 B7 13 86 B2 00 00 00 00 A4 0E
17 00 3A 00 91 15 24 00 00 3A 29 88 B2 00 00 00 00 C6 16 86 B2 00 00 00 00 A5 0E
17 00 3A 00 91 15 24 00 00 D0 23 88 B2 00 00 00 00 30 1C 86 B2 00 00 00 00 A6 0E
17 00 3A 00 91 15 24 00 00 13 21 88 B2 00 00 00 00 ED 1E 86 B2 00 00 00 00 A7 0E
17 00 3A 00 91 15 24 00 00 52 1B 88 B2 00 00 00 00 AE 24 86 B2 00 00 00 00 A8 0E
17 00 3A 00 91 15 24 00 00 9D 17 88 B2 00 00 00 00 63 28 86 B2 00 00 00 00 A9 0E
17 00 3A 00 91 15 24 00 00 EB 12 88 B2 00 00 00 00 15 2D 86 B2 00 00 00 00 AA 0E
17 00 3A 00 91 15 24 00 00 B0 10 88 B2 00 00 00 00 50 2F 86 B2 00 00 00 00 AB 0E
17 00 3A 00 91 15 24 00 00 9C 0A 88 B2 00 00 00 00 64 35 86 B2 00 00 00 00 AC 0E
17 00 3A 00 91 15 24 00 00 8B 06 88 B2 00 00 00 00 75 39 86 B2 00 00 00 00 AD 0E
17 00 3A 00 91 15 24 00 00 4C 02 88 B2 00 00 00 00 B4 3D 86 B2 00 00 00 00 AE 0E
17 00 3A 00 91 15 24 00 00 49 00 88 B2 00 00 00 00 B7 3F 86 B2 00 00 00 00 AF 0E
17 00 3A 00 91 15 24 00 00 EB F9 87 B2 00 00 00 00 15 46 86 B2 00 00 00 00 B0 0E
17 00 3A 00 91 15 24 00 00 44 F6 87 B2 00 00 00 00 BC 49 86 B2 00 00 00 00 B1 0E
17 00 3A 00 91 15 24 00 00 4E F1 87 B2 00 00 00 00 B2 4E 86 B2 00 00 00 00 B2 0E
17 00 3A 00 91 15 24 00 00 46 EC 87 B2 00 00 00 00 BA 53 86 B2 00 00 00 00 B3 0E
17 00 3A 00 91 15 24 00 00 CA E8 87 B2 00 00 00 00 36 57 86 B2 00 00 00 00 B4 0E
17 00 3A 00 91 15 24 00 00 BE 4B 88 B2 00 00 00 00 42 F4 85 B2 00 00 00 00 B5 0E
17 00 3A 00 91 15 24 00 00 CE 45 88 B2 00 00 00 00 32 FA 85 B2 00 00 00 00 B6 0E
17 00 3A 00 91 15 24 00 00 3C 43 88 B2 00 00 00 00 C4 FC 85 B2 00 00 00 00 B7 0E
17 00 3A 00 91 15 24 00 00 B7 3C 88 B2 00 00 00 00 49 03 86 B2 00 00 00 00 B8 0E
17 00 3A 00 91 15 24 00 00 57 38 88 B2 00 00 00 00 A9 07 86 B2 00 00 00 00 B9 0E
17 00 3A 00 91 15 24 00 00 F1 33 88 B2 00 00 00 00 0F 0C 86 B2 00 00 00 00 BA 0E
17 00 3A 00 91 15 24 00 00 62 31 88 B2 00 00 00 00 9E 0E 86 B2 00 00 00 00 BB 0E
17 00 3A 00 91 15 24 00 00 3F 2B 88 B2 00 00 00 00 C1 14 86 B2 00 00 00 00 BC 0E
17 00 3A 00 91 15 24 00 00 84 26 88 B2 00 00 00 00 7C 19 86 B2 00 00 00 00 BD 0E
17 00 3A 00 91 15 24 00 00 B0 22 88 B2 00 00 00 00 50 1D 86 B2 00 00 00 00 BE 0E
17 00 3A 00 91 15 24 00 00 F0 1F 88 B2 00 00 00 00 10 20 86 B2 00 00 00 00 BF 0E
17 00 3A 00 91 15 24 00 00 C8 19 88 B2 00 00 00 00 38 26 86 B2 00 00 00 00 C0 0E
17 00 3A 00 91 15 24 00 00 21 17 88 B2 00 00 00 00 DF 28 86 B2 00 00 00 00 C1 0E
17 00 3A 00 91 15 24 00 00 E4 10 88 B2 00 00 00 00 1C 2F 86 B2 00 00 00 00 C2 0E
17 00 3A 00 91 15 24 00 00 D1 0C 88 B2 00 00 00 00 2F 33 86 B2 00 00 00 00 C3 0E
17 00 3A 00 91 15 24 00 00 DB 07 88 B2 00 00 00 00 25 38 86 B2 00 00 00 00 C4 0E
17 00 3A 00 91 15 24 00 00 B3 03 88 B2 00 00 00 00 4D 3C 86 B2 00 00 00 00 C5 0E
17 00 3A 00 91 15 24 00 00 D9 FE 87 B2 00 00 00 00 27 41 86 B2 00 00 00 00 C6 0E
17 00 3A 00 91 15 24 00 00 93 FB 87 B2 00 00 00 00 6D 44 86 B2 00 00 00 00 C7 0E
17 00 3A 00 91 15 24 00 00 B4 F5 87 B2 00 00 00 00 4C 4A 86 B2 00 00 00 00 C8 0E
17 00 3A 00 91 15 24 00 00 61 F3 87 B2 00 00 00 00 9F 4C 86 B2 00 00 00 00 C9 0E
17 00 3A 00 91 15 24 00 00 FA EC 87 B2 00 00 00 00 06 53 86 B2 00 00 00 00 CA 0E
17 00 3A 00 91 15 24 00 00 FC E9 87 B2 00 00 00 00 04 56 86 B2 00 00 00 00 CB 0E
17 00 3A 00 91 15 24 00 00 C6 49 88 B2 00 00 00 00 3A F6 85 B2 00 00 00 00 CC 0E
17 00 3A 00 91 15 24 00 00 0F 47 88 B2 00 00 00 00 F1 F8 85 B2 00 00 00 00 CD 0E
17 00 3A 00 91 15 24 00 00 0A 41 88 B2 00 00 00 00 F6 FE 85 B2 00 00 00 00 CE 0E
17 00 3A 00 91 15 24 00 00 2F 3E 88 B2 00 00 00 00 D1 01 86 B2 00 00 00 00 CF 0E
17 00 3A 00 91 15 24 00 00 76 38 88 B2 00 00 00 00 8A 07 86 B2 00 00 00 00 D0 0E
17 00 3A 00 91 15 24 00 00 86 34 88 B2 00 00 00 00 7A 0B 86 B2 00 00 00 00 D1 0E
17 00 3A 00 91 15 24 00 00 54 30 88 B2 00 00 00 00 AC 0F 86 B2 00 00 00 00 D2 0E
17 00 3A 00 91 15 24 00 00 1D 2E 88 B2 00 00 00 00 E3 11 86 B2 00 00 00 00 D3 0E
17 00 3A 00 91 15 24 00 00 2C 29 88 B2 00 00 00 00 D4 16 86 B2 00 00 00 00 D4 0E
17 00 3A 00 91 15 24 00 00 52 27 88 B2 00 00 00 00 AE 18 86 B2 00 00 00 00 D5 0E
17 00 3A 00 91 15 24 00 00 2F 23 88 B2 00 00 00 00 D1 1C 86 B2 00 00 00 00 D6 0E
17 00 3A 00 91 15 24 00 00 E8 21 88 B2 00 00 00 00 18 1E 86 B2 00 00 00 00 D7 0E
17 00 3A 00 91 15 24 00 00 3A 1E 88 B2 00 00 00 00 C6 21 86 B2 00 00 00 00 D8 0E
17 00 3A 00 91 15 24 00 00 AF 1C 88 B2 00 00 00 00 51 23 86 B2 00 00 00 00 D9 0E
17 00 3A 00 91 15 24 00 00 AB 19 88 B2 00 00 00 00 55 26 86 B2 00 00 00 00 DA 0E
17 00 3A 00 91 15 24 00 00 A6 19 88 B2 00 00 00 00 5A 26 86 B2 00 00 00 00 DB 0E
17 00 3A 00 91 15 24 00 00 D4 15 88 B2 00 00 00 00 2C 2A 86 B2 00 00 00 00 DC 0E
17 00 3A 00 91 15 24 00 00 21 15 88 B2 00 00 00 00 DF 2A 86 B2 00 00 00 00 DD 0E
17 00 3A 00 91 15 24 00 00 5A 12 88 B2 00 00 00 00 A6 2D 86 B2 00 00 00 00 DE 0E
17 00 3A 00 91 15 24 00 00 B1 11 88 B2 00 00 00 00 4F 2E 86 B2 00 00 00 00 DF 0E
17 00 3A 00 91 15 24 00 00 5C 0F 88 B2 00 00 00 00 A4 30 86 B2 00 00 00 00 E0 0E
17 00 3A 00 91 15 24 00 00 4D 0E 88 B2 00 00 00 00 B3 31 86 B2 00 00 00 00 E1 0E
17 00 3A 00 91 15 24 00 00 92 0C 88 B2 00 00 00 00 6E 33 86 B2 00 00 00 00 E2 0E
17 00 3A 00 91 15 24 00 00 FC 0B 88 B2 00 00 00 00 04 34 86 B2 00 00 00 00 E3 0E
17 00 3A 00 91 15 24 00 00 0E 0A 88 B2 00 00 00 00 F2 35 86 B2 00 00 00 00 E4 0E
17 00 3A 00 91 15 24 00 00 A7 0A 88 B2 00 00 00 00 59 35 86 B2 00 00 00 00 E5 0E
17 00 3A 00 91 15 24 00 00 93 07 88 B2 00 00 00 00 6D 38 86 B2 00 00 00 00 E6 0E
17 00 3A 00 91 15 24 00 00 01 06 88 B2 00 00 00 00 FF 39 86 B2 00 00 00 00 E7 0E
17 00 3A 00 91 15 24 00 00 78 05 88 B2 00 00 00 00 88 3A 86 B2 00 00 00 00 E8 0E
17 00 3A 00 91 15 24 00 00 7E 06 88 B2 00 00 00 00 82 39 86 B2 00 00 00 00 E9 0E
17 00 3A 00 91 15 24 00 00 EE 03 88 B2 00 00 00 00 12 3C 86 B2 00 00 00 00 EA 0E
17 00 3A 00 91 15 24 00 00 49 04 88 B2 00 00 00 00 B7 3B 86 B2 00 00 00 00 EB 0E
17 00 3A 00 91 15 24 00 00 84 02 88 B2 00 00 00 00 7C 3D 86 B2 00 00 00 00 EC 0E
17 00 3A 00 91 15 24 00 00 C8 01 88 B2 00 00 00 00 38 3E 86 B2 00 00 00 00 ED 0E
17 00 3A 00 91 15 24 00 00 CA 01 88 B2 00 00 00 00 36 3E 86 B2 00 00 00 00 EE 0E
17 00 3A 00 91 15 24 00 00 8B 03 88 B2 00 00 00 00 75 3C 86 B2 00 00 00 00 EF 0E
17 00 3A 00 91 15 24 00 00 A2 01 88 B2 00 00 00 00 5E 3E 86 B2 00 00 00 00 F0 0E
17 00 3A 00 91 15 24 00 00 4A 03 88 B2 00 00 00 00 B6 3C 86 B2 00 00 00 00 F1 0E
17 00 3A 00 91 15 24 00 00 92 01 88 B2 00 00 00 00 6E 3E 86 B2 00 00 00 00 F2 0E
17 00 3A 00 91 15 24 00 00 2D 03 88 B2 00 00 00 00 D3 3C 86 B2 00 00 00 00 F3 0E
17 00 3A 00 91 15 24 00 00 CF 01 88 B2 00 00 00 00 31 3E 86 B2 00 00 00 00 F4 0E
17 00 3A 00 91 15 24 00 00 AB 03 88 B2 00 00 00 00 55 3C 86 B2 00 00 00 00 F5 0E
17 00 3A 00 91 15 24 00 00 47 02 88 B2 00 00 00 00 B9 3D 86 B2 00 00 00 00 F6 0E
17 00 3A 00 91 15 24 00 00 CA 02 88 B2 00 00 00 00 36 3D 86 B2 00 00 00 00 F7 0E
17 00 3A 00 91 15 24 00 00 F7 02 88 B2 00 00 00 00 09 3D 86 B2 00 00 00 00 F8 0E
17 00 3A 00 91 15 24 00 00 29 04 88 B2 00 00 00 00 D7 3B 86 B2 00 00 00 00 F9 0E
17 00 3A 00 91 15 24 00 00 F1 03 88 B2 00 00 00 00 0F 3C 86 B2 00 00 00 00 FA 0E
17 00 3A 00 91 15 24 00 00 41 06 88 B2 00 00 00 00 BF 39 86 B2 00 00 00 00 FB 0E
17 00 3A 00 91 15 24 00 00 14 05 88 B2 00 00 00 00 EC 3A 86 B2 00 00 00 00 FC 0E
17 00 3A 00 91 15 24 00 00 6F 07 88 B2 00 00 00 00 91 38 86 B2 00 00 00 00 FD 0E
17 00 3A 00 91 15 24 00 00 BC 06 88 B2 00 00 00 00 44 39 86 B2 00 00 00 00 FE 0E
17 00 3A 00 91 15 24 00 00 02 09 88 B2 00 00 00 00 FE 36 86 B2 00 00 00 00 FF 0E
17 00 3A 00 91 15 24 00 00 5C 08 88 B2 00 00 00 00 A4 37 86 B2 00 00 00 00 00 0F
17 00 3A 00 91 15 24 00 00 4F 09 88 B2 00 00 00 00 B1 36 86 B2 00 00 00 00 01 0F
17 00 3A 00 91 15 24 00 00 26 0A 88 B2 00 00 00 00 DA 35 86 B2 00 00 00 00 02 0F
17 00 3A 00 91 15 24 00 00 C2 0C 88 B2 00 00 00 00 3E 33 86 B2 00 00 00 00 03 0F
17 00 3A 00 91 15 24 00 00 C2 0B 88 B2 00 00 00 00 3E 34 86 B2 00 00 00 00 04 0F
17 00 3A 00 91 15 24 00 00 6B 0D 88 B2 00 00 00 00 95 32 86 B2 00 00 00 00 05 0F
17 00 3A 00 91 15 24 00 00 6E 0D 88 B2 00 00 00 00 92 32 86 B2 00 00 00 00 06 0F
17 00 3A 00 91 15 24 00 00 76 0E 88 B2 00 00 00 00 8A 31 86 B2 00 00 00 00 07 0F
17 00 3A 00 91 15 24 00 00 27 0F 88 B2 00 00 00 00 D9 30 86 B2 00 00 00 00 08 0F
17 00 3A 00 91 15 24 00 00 B7 10 88 B2 00 00 00 00 49 2F 86 B2 00 00 00 00 09 0F
17 00 3A 00 91 15 24 00 00 E5 10 88 B2 00 00 00 00 1B 2F 86 B2 00 00 00 00 0A 0F
17 00 3A 00 91 15 24 00 00 78 13 88 B2 00 00 00 00 88 2C 86 B2 00 00 00 00 0B 0F
17 00 3A 00 91 15 24 00 00 D6 12 88 B2 00 00 00 00 2A 2D 86 B2 00 00 00 00 0C 0F
17 00 3A 00 91 15 24 00 00 72 14 88 B2 00 00 00 00 8E 2B 86 B2 00 00 00 00 0D 0F
17 00 3A 00 91 15 24 00 00 C1 14 88 B2 00 00 00 00 3F 2B 86 B2 00 00 00 00 0E 0F
17 00 3A 00 91 15 24 00 00 21 17 88 B2 00 00 00 00 DF 28 86 B2 00 00 00 00 0F 0F
17 00 3A 00 91 15 24 00 00 03 17 88 B2 00 00 00 00 FD 28 86 B2 00 00 00 00 10 0F
17 00 3A 00 91 15 24 00 00 62 19 88 B2 00 00 00 00 9E 26 86 B2 00 00 00 00 11 0F
17 00 3A 00 91 15 24 00 00 16 19 88 B2 00 00 00 00 EA 26 86 B2 00 00 00 00 12 0F
17 00 3A 00 91 15 24 00 00 22 1B 88 B2 00 00 00 00 DE 24 86 B2 00 00 00 00 13 0F
17 00 3A 00 91 15 24 00 00 1E 1B 88 B2 00 00 00 00 E2 24 86 B2 00 00 00 00 14 0F
17 00 3A 00 91 15 24 00 00 41 1D 88 B2 00 00 00 00 BF 22 86 B2 00 00 00 00 15 0F
17 00 3A 00 91 15 24 00 00 28 1D 88 B2 00 00 00 00 D8 22 86 B2 00 00 00 00 16 0F
17 00 3A 00 91 15 24 00 00 C5 1F 88 B2 00 00 00 00 3B 20 86 B2 00 00 00 00 17 0F
17 00 3A 00 91 15 24 00 00 8E 1F 88 B2 00 00 00 00 72 20 86 B2 00 00 00 00 18 0F
17 00 3A 00 91 15 24 00 00 C3 21 88 B2 00 00 00 00 3D 1E 86 B2 00 00 00 00 19 0F
17 00 3A 00 91 15 24 00 00 23 22 88 B2 00 00 00 00 DD 1D 86 B2 00 00 00 00 1A 0F
17 00 3A 00 91 15 24 00 00 C1 25 88 B2 00 00 00 00 3F 1A 86 B2 00 00 00 00 1B 0F
17 00 3A 00 91 15 24 00 00 07 25 88 B2 00 00 00 00 F9 1A 86 B2 00 00 00 00 1C 0F
17 00 3A 00 91 15 24 00 00 F3 26 88 B2 00 00 00 00 0D 19 86 B2 00 00 00 00 1D 0F
17 00 3A 00 91 15 24 00 00 AC 27 88 B2 00 00 00 00 54 18 86 B2 00 00 00 00 1E 0F
17 00 3A 00 91 15 24 00 00 C3 29 88 B2 00 00 00 00 3D 16 86 B2 00 00 00 00 1F 0F
17 00 3A 00 91 15 24 00 00 7F 2A 88 B2 00 00 00 00 81 15 86 B2 00 00 00 00 20 0F
17 00 3A 00 91 15 24 00 00 52 2A 88 B2 00 00 00 00 AE 15 86 B2 00 00 00 00 21 0F
17 00 3A 00 91 15 24 00 00 3B 2D 88 B2 00 00 00 00 C5 12 86 B2 00 00 00 00 22 0F
17 00 3A 00 91 15 24 00 00 CA 2F 88 B2 00 00 00 00 36 10 86 B2 00 00 00 00 23 0F
17 00 3A 00 91 15 24 00 00 F3 2F 88 B2 00 00 00 00 0D 10 86 B2 00 00 00 00 24 0F
17 00 3A 00 91 15 24 00 00 B2 31 88 B2 00 00 00 00 4E 0E 86 B2 00 00 00 00 25 0F
17 00 3A 00 91 15 24 00 00 9A 32 88 B2 00 00 00 00 66 0D 86 B2 00 00 00 00 26 0F
17 00 3A 00 91 15 24 00 00 AC 34 88 B2 00 00 00 00 54 0B 86 B2 00 00 00 00 27 0F
17 00 3A 00 91 15 24 00 00 5D 35 88 B2 00 00 00 00 A3 0A 86 B2 00 00 00 00 28 0F
17 00 3A 00 91 15 24 00 00 82 37 88 B2 00 00 00 00 7E 08 86 B2 00 00 00 00 29 0F
17 00 3A 00 91 15 24 00 00 36 38 88 B2 00 00 00 00 CA 07 86 B2 00 00 00 00 2A 0F
17 00 3A 00 91 15 24 00 00 C8 3A 88 B2 00 00 00 00 38 05 86 B2 00 00 00 00 2B 0F
17 00 3A 00 91 15 24 00 00 26 3B 88 B2 00 00 00 00 DA 04 86 B2 00 00 00 00 2C 0F
17 00 3A 00 91 15 24 00 00 52 3D 88 B2 00 00 00 00 AE 02 86 B2 00 00 00 00 2D 0F
17 00 3A 00 91 15 24 00 00 19 3E 88 B2 00 00 00 00 E7 01 86 B2 00 00 00 00 2E 0F
17 00 3A 00 91 15 24 00 00 F2 3F 88 B2 00 00 00 00 0E 00 86 B2 00 00 00 00 2F 0F
17 00 3A 00 91 15 24 00 00 0C 41 88 B2 00 00 00 00 F4 FE 85 B2 00 00 00 00 30 0F
17 00 3A 00 91 15 24 00 00 61 43 88 B2 00 00 00 00 9F FC 85 B2 00 00 00 00 31 0F
17 00 3A 00 91 15 24 00 00 16 44 88 B2 00 00 00 00 EA FB 85 B2 00 00 00 00 32 0F
17 00 3A 00 91 15 24 00 00 DC 45 88 B2 00 00 00 00 24 FA 85 B2 00 00 00 00 33 0F
17 00 3A 00 91 15 24 00 00 45 47 88 B2 00 00 00 00 BB F8 85 B2 00 00 00 00 34 0F
17 00 3A 00 91 15 24 00 00 DE 48 88 B2 00 00 00 00 22 F7 85 B2 00 00 00 00 35 0F
17 00 3A 00 91 15 24 00 00 5B 4A 88 B2 00 00 00 00 A5 F5 85 B2 00 00 00 00 36 0F
17 00 3A 00 91 15 24 00 00 1D 4D 88 B2 00 00 00 00 E3 F2 85 B2 00 00 00 00 37 0F
17 00 3A 00 91 15 24 00 00 B0 4D 88 B2 00 00 00 00 50 F2 85 B2 00 00 00 00 38 0F
17 00 3A 00 91 15 24 00 00 EB EA 87 B2 00 00 00 00 15 55 86 B2 00 00 00 00 39 0F
17 00 3A 00 91 15 24 00 00 DA EB 87 B2 00 00 00 00 26 54 86 B2 00 00 00 00 3A 0F
17 00 3A 00 91 15 24 00 00 70 EE 87 B2 00 00 00 00 90 51 86 B2 00 00 00 00 3B 0F
17 00 3A 00 91 15 24 00 00 AB EF 87 B2 00 00 00 00 55 50 86 B2 00 00 00 00 3C 0F
17 00 3A 00 91 15 24 00 00 BA F2 87 B2 00 00 00 00 46 4D 86 B2 00 00 00 00 3D 0F
17 00 3A 00 91 15 24 00 00 7F F3 87 B2 00 00 00 00 81 4C 86 B2 00 00 00 00 3E 0F
17 00 3A 00 91 15 24 00 00 83 F6 87 B2 00 00 00 00 7D 49 86 B2 00 00 00 00 3F 0F
17 00 3A 00 91 15 24 00 00 6F F7 87 B2 00 00 00 00 91 48 86 B2 00 00 00 00 40 0F
17 00 3A 00 91 15 24 00 00 67 F9 87 B2 00 00 00 00 99 46 86 B2 00 00 00 00 41 0F
17 00 3A 00 91 15 24 00 00 55 FB 87 B2 00 00 00 00 AB 44 86 B2 00 00 00 00 42 0F
17 00 3A 00 91 15 24 00 00 F4 FD 87 B2 00 00 00 00 0C 42 86 B2 00 00 00 00 43 0F
17 00 3A 00 91 15 24 00 00 1C FF 87 B2 00 00 00 00 E4 40 86 B2 00 00 00 00 44 0F
17 00 3A 00 91 15 24 00 00 B4 01 88 B2 00 00 00 00 4C 3E 86 B2 00 00 00 00 45 0F
17 00 3A 00 91 15 24 00 00 26 03 88 B2 00 00 00 00 DA 3C 86 B2 00 00 00 00 46 0F
17 00 3A 00 91 15 24 00 00 15 05 88 B2 00 00 00 00 EB 3A 86 B2 00 00 00 00 47 0F
17 00 3A 00 91 15 24 00 00 9C 06 88 B2 00 00 00 00 64 39 86 B2 00 00 00 00 48 0F
17 00 3A 00 91 15 24 00 00 C3 07 88 B2 00 00 00 00 3D 38 86 B2 00 00 00 00 49 0F
17 00 3A 00 91 15 24 00 00 7B 0A 88 B2 00 00 00 00 85 35 86 B2 00 00 00 00 4A 0F
17 00 3A 00 91 15 24 00 00 79 0D 88 B2 00 00 00 00 87 32 86 B2 00 00 00 00 4B 0F
17 00 3A 00 91 15 24 00 00 0A 0E 88 B2 00 00 00 00 F6 31 86 B2 00 00 00 00 4C 0F
17 00 3A 00 91 15 24 00 00 38 11 88 B2 00 00 00 00 C8 2E 86 B2 00 00 00 00 4D 0F
17 00 3A 00 91 15 24 00 00 E6 11 88 B2 00 00 00 00 1A 2E 86 B2 00 00 00 00 4E 0F
17 00 3A 00 91 15 24 00 00 F6 13 88 B2 00 00 00 00 0A 2C 86 B2 00 00 00 00 4F 0F
17 00 3A 00 91 15 24 00 00 8D 15 88 B2 00 00 00 00 73 2A 86 B2 00 00 00 00 50 0F
17 00 3A 00 91 15 24 00 00 6A 17 88 B2 00 00 00 00 96 28 86 B2 00 00 00 00 51 0F
17 00 3A 00 91 15 24 00 00 1A 19 88 B2 00 00 00 00 E6 26 86 B2 00 00 00 00 52 0F
17 00 3A 00 91 15 24 00 00 1C 1B 88 B2 00 00 00 00 E4 24 86 B2 00 00 00 00 53 0F
17 00 3A 00 91 15 24 00 00 B1 1C 88 B2 00 00 00 00 4F 23 86 B2 00 00 00 00 54 0F
17 00 3A 00 91 15 24 00 00 80 1E 88 B2 00 00 00 00 80 21 86 B2 00 00 00 00 55 0F
17 00 3A 00 91 15 24 00 00 E1 1F 88 B2 00 00 00 00 1F 20 86 B2 00 00 00 00 56 0F
17 00 3A 00 91 15 24 00 00 87 22 88 B2 00 00 00 00 79 1D 86 B2 00 00 00 00 57 0F
17 00 3A 00 91 15 24 00 00 4C 23 88 B2 00 00 00 00 B4 1C 86 B2 00 00 00 00 58 0F
17 00 3A 00 91 15 24 00 00 19 26 88 B2 00 00 00 00 E7 19 86 B2 00 00 00 00 59 0F
17 00 3A 00 91 15 24 00 00 AC 26 88 B2 00 00 00 00 54 19 86 B2 00 00 00 00 5A 0F
17 00 3A 00 91 15 24 00 00 17 29 88 B2 00 00 00 00 E9 16 86 B2 00 00 00 00 5B 0F
17 00 3A 00 91 15 24 00 00 06 2A 88 B2 00 00 00 00 FA 15 86 B2 00 00 00 00 5C 0F
17 00 3A 00 91 15 24 00 00 77 2C 88 B2 00 00 00 00 89 13 86 B2 00 00 00 00 5D 0F
17 00 3A 00 91 15 24 00 00 00 2D 88 B2 00 00 00 00 00 13 86 B2 00 00 00 00 5E 0F
17 00 3A 00 91 15 24 00 00 63 2F 88 B2 00 00 00 00 9D 10 86 B2 00 00 00 00 5F 0F
17 00 3A 00 91 15 24 00 00 1A 30 88 B2 00 00 00 00 E6 0F 86 B2 00 00 00 00 60 0F
17 00 3A 00 91 15 24 00 00 C9 30 88 B2 00 00 00 00 37 0F 86 B2 00 00 00 00 61 0F
17 00 3A 00 91 15 24 00 00 48 33 88 B2 00 00 00 00 B8 0C 86 B2 00 00 00 00 62 0F
17 00 3A 00 91 15 24 00 00 F5 33 88 B2 00 00 00 00 0B 0C 86 B2 00 00 00 00 63 0F
17 00 3A 00 91 15 24 00 00 F5 35 88 B2 00 00 00 00 0B 0A 86 B2 00 00 00 00 64 0F
17 00 3A 00 91 15 24 00 00 20 38 88 B2 00 00 00 00 E0 07 86 B2 00 00 00 00 65 0F
17 00 3A 00 91 15 24 00 00 99 38 88 B2 00 00 00 00 67 07 86 B2 00 00 00 00 66 0F
17 00 3A 00 91 15 24 00 00 F9 3A 88 B2 00 00 00 00 07 05 86 B2 00 00 00 00 67 0F
17 00 3A 00 91 15 24 00 00 8C 3B 88 B2 00 00 00 00 74 04 86 B2 00 00 00 00 68 0F
17 00 3A 00 91 15 24 00 00 AC 3D 88 B2 00 00 00 00 54 02 86 B2 00 00 00 00 69 0F
17 00 3A 00 91 15 24 00 00 4C 3E 88 B2 00 00 00 00 B4 01 86 B2 00 00 00 00 6A 0F
17 00 3A 00 91 15 24 00 00 12 41 88 B2 00 00 00 00 EE FE 85 B2 00 00 00 00 6B 0F
17 00 3A 00 91 15 24 00 00 16 41 88 B2 00 00 00 00 EA FE 85 B2 00 00 00 00 6C 0F
17 00 3A 00 91 15 24 00 00 CC 43 88 B2 00 00 00 00 34 FC 85 B2 00 00 00 00 6D 0F
17 00 3A 00 91 15 24 00 00 A8 43 88 B2 00 00 00 00 58 FC 85 B2 00 00 00 00 6E 0F
17 00 3A 00 91 15 24 00 00 98 E1 87 B2 00 00 00 00 68 5E 86 B2 00 00 00 00 6F 0F
17 00 3A 00 91 15 24 00 00 6B 46 88 B2 00 00 00 00 95 F9 85 B2 00 00 00 00 70 0F
17 00 3A 00 91 15 24 00 00 91 47 88 B2 00 00 00 00 6F F8 85 B2 00 00 00 00 71 0F
17 00 3A 00 91 15 24 00 00 9B 48 88 B2 00 00 00 00 65 F7 85 B2 00 00 00 00 72 0F
17 00 3A 00 91 15 24 00 00 8C 49 88 B2 00 00 00 00 74 F6 85 B2 00 00 00 00 73 0F
17 00 3A 00 91 15 24 00 00 F3 4A 88 B2 00 00 00 00 0D F5 85 B2 00 00 00 00 74 0F
17 00 3A 00 91 15 24 00 00 F2 4B 88 B2 00 00 00 00 0E F4 85 B2 00 00 00 00 75 0F
17 00 3A 00 91 15 24 00 00 58 4D 88 B2 00 00 00 00 A8 F2 85 B2 00 00 00 00 76 0F
17 00 3A 00 91 15 24 00 00 EF E8 87 B2 00 00 00 00 11 57 86 B2 00 00 00 00 77 0F
17 00 3A 00 91 15 24 00 00 48 EA 87 B2 00 00 00 00 B8 55 86 B2 00 00 00 00 78 0F
17 00 3A 00 91 15 24 00 00 6A EB 87 B2 00 00 00 00 96 54 86 B2 00 00 00 00 79 0F
17 00 3A 00 91 15 24 00 00 8D EC 87 B2 00 00 00 00 73 53 86 B2 00 00 00 00 7A 0F
17 00 3A 00 91 15 24 00 00 EC ED 87 B2 00 00 00 00 14 52 86 B2 00 00 00 00 7B 0F
17 00 3A 00 91 15 24 00 00 EC EE 87 B2 00 00 00 00 14 51 86 B2 00 00 00 00 7C 0F
17 00 3A 00 91 15 24 00 00 7B F1 87 B2 00 00 00 00 85 4E 86 B2 00 00 00 00 7D 0F
17 00 3A 00 91 15 24 00 00 40 F1 87 B2 00 00 00 00 C0 4E 86 B2 00 00 00 00 7E 0F
17 00 3A 00 91 15 24 00 00 CC F2 87 B2 00 00 00 00 34 4D 86 B2 00 00 00 00 7F 0F
17 00 3A 00 91 15 24 00 00 6A F3 87 B2 00 00 00 00 96 4C 86 B2 00 00 00 00 80 0F
17 00 3A 00 91 15 24 00 00 04 F4 87 B2 00 00 00 00 FC 4B 86 B2 00 00 00 00 81 0F
17 00 3A 00 91 15 24 00 00 79 F5 87 B2 00 00 00 00 87 4A 86 B2 00 00 00 00 82 0F
17 00 3A 00 91 15 24 00 00 E3 F6 87 B2 00 00 00 00 1D 49 86 B2 00 00 00 00 83 0F
17 00 3A 00 91 15 24 00 00 C8 F7 87 B2 00 00 00 00 38 48 86 B2 00 00 00 00 84 0F
17 00 3A 00 91 15 24 00 00 50 F8 87 B2 00 00 00 00 B0 47 86 B2 00 00 00 00 85 0F
17 00 3A 00 91 15 24 00 00 C2 F9 87 B2 00 00 00 00 3E 46 86 B2 00 00 00 00 86 0F
17 00 3A 00 91 15 24 00 00 33 FB 87 B2 00 00 00 00 CD 44 86 B2 00 00 00 00 87 0F
17 00 3A 00 91 15 24 00 00 C1 FB 87 B2 00 00 00 00 3F 44 86 B2 00 00 00 00 88 0F
17 00 3A 00 91 15 24 00 00 13 FE 87 B2 00 00 00 00 ED 41 86 B2 00 00 00 00 89 0F
17 00 3A 00 91 15 24 00 00 15 FE 87 B2 00 00 00 00 EB 41 86 B2 00 00 00 00 8A 0F
17 00 3A 00 91 15 24 00 00 D3 FE 87 B2 00 00 00 00 2D 41 86 B2 00 00 00 00 8B 0F
17 00 3A 00 91 15 24 00 00 01 00 88 B2 00 00 00 00 FF 3F 86 B2 00 00 00 00 8C 0F
17 00 3A 00 91 15 24 00 00 EC 01 88 B2 00 00 00 00 14 3E 86 B2 00 00 00 00 8D 0F
17 00 3A 00 91 15 24 00 00 12 02 88 B2 00 00 00 00 EE 3D 86 B2 00 00 00 00 8E 0F
17 00 3A 00 91 15 24 00 00 BB 03 88 B2 00 00 00 00 45 3C 86 B2 00 00 00 00 8F 0F
17 00 3A 00 91 15 24 00 00 94 03 88 B2 00 00 00 00 6C 3C 86 B2 00 00 00 00 90 0F
17 00 3A 00 91 15 24 00 00 82 05 88 B2 00 00 00 00 7E 3A 86 B2 00 00 00 00 91 0F
17 00 3A 00 91 15 24 00 00 4F 05 88 B2 00 00 00 00 B1 3A 86 B2 00 00 00 00 92 0F
17 00 3A 00 91 15 24 00 00 B6 06 88 B2 00 00 00 00 4A 39 86 B2 00 00 00 00 93 0F
17 00 3A 00 91 15 24 00 00 DD 06 88 B2 00 00 00 00 23 39 86 B2 00 00 00 00 94 0F
17 00 3A 00 91 15 24 00 00 5E 07 88 B2 00 00 00 00 A2 38 86 B2 00 00 00 00 95 0F
17 00 3A 00 91 15 24 00 00 40 08 88 B2 00 00 00 00 C0 37 86 B2 00 00 00 00 96 0F
17 00 3A 00 91 15 24 00 00 93 09 88 B2 00 00 00 00 6D 36 86 B2 00 00 00 00 97 0F
17 00 3A 00 91 15 24 00 00 F1 09 88 B2 00 00 00 00 0F 36 86 B2 00 00 00 00 98 0F
17 00 3A 00 91 15 24 00 00 E8 0A 88 B2 00 00 00 00 18 35 86 B2 00 00 00 00 99 0F
17 00 3A 00 91 15 24 00 00 72 0B 88 B2 00 00 00 00 8E 34 86 B2 00 00 00 00 9A 0F
17 00 3A 00 91 15 24 00 00 D9 0C 88 B2 00 00 00 00 27 33 86 B2 00 00 00 00 9B 0F
17 00 3A 00 91 15 24 00 00 DB 0C 88 B2 00 00 00 00 25 33 86 B2 00 00 00 00 9C 0F
17 00 3A 00 91 15 24 00 00 6C 0C 88 B2 00 00 00 00 94 33 86 B2 00 00 00 00 9D 0F
17 00 3A 00 91 15 24 00 00 81 0E 88 B2 00 00 00 00 7F 31 86 B2 00 00 00 00 9E 0F
17 00 3A 00 91 15 24 00 00 2E 0F 88 B2 00 00 00 00 D2 30 86 B2 00 00 00 00 9F 0F
17 00 3A 00 91 15 24 00 00 E3 0F 88 B2 00 00 00 00 1D 30 86 B2 00 00 00 00 A0 0F
17 00 3A 00 91 15 24 00 00 63 10 88 B2 00 00 00 00 9D 2F 86 B2 00 00 00 00 A1 0F
17 00 3A 00 91 15 24 00 00 83 11 88 B2 00 00 00 00 7D 2E 86 B2 00 00 00 00 A2 0F
17 00 3A 00 91 15 24 00 00 A2 13 88 B2 00 00 00 00 5E 2C 86 B2 00 00 00 00 A3 0F
17 00 3A 00 91 15 24 00 00 FF 12 88 B2 00 00 00 00 01 2D 86 B2 00 00 00 00 A4 0F
17 00 3A 00 91 15 24 00 00 3B 14 88 B2 00 00 00 00 C5 2B 86 B2 00 00 00 00 A5 0F
17 00 3A 00 91 15 24 00 00 5C 14 88 B2 00 00 00 00 A4 2B 86 B2 00 00 00 00 A6 0F
17 00 3A 00 91 15 24 00 00 FF 15 88 B2 00 00 00 00 01 2A 86 B2 00 00 00 00 A7 0F
17 00 3A 00 91 15 24 00 00 03 16 88 B2 00 00 00 00 FD 29 86 B2 00 00 00 00 A8 0F
17 00 3A 00 91 15 24 00 00 E7 17 88 B2 00 00 00 00 19 28 86 B2 00 00 00 00 A9 0F
17 00 3A 00 91 15 24 00 00 A8 17 88 B2 00 00 00 00 58 28 86 B2 00 00 00 00 AA 0F
17 00 3A 00 91 15 24 00 00 FA 18 88 B2 00 00 00 00 06 27 86 B2 00 00 00 00 AB 0F
17 00 3A 00 91 15 24 00 00 20 19 88 B2 00 00 00 00 E0 26 86 B2 00 00 00 00 AC 0F
17 00 3A 00 91 15 24 00 00 20 1A 88 B2 00 00 00 00 E0 25 86 B2 00 00 00 00 AD 0F
17 00 3A 00 91 15 24 00 00 A2 1A 88 B2 00 00 00 00 5E 25 86 B2 00 00 00 00 AE 0F
17 00 3A 00 91 15 24 00 00 76 1A 88 B2 00 00 00 00 8A 25 86 B2 00 00 00 00 AF 0F
17 00 3A 00 91 15 24 00 00 1C 1C 88 B2 00 00 00 00 E4 23 86 B2 00 00 00 00 B0 0F
17 00 3A 00 91 15 24 00 00 D3 1C 88 B2 00 00 00 00 2D 23 86 B2 00 00 00 00 B1 0F
17 00 3A 00 91 15 24 00 00 87 1D 88 B2 00 00 00 00 79 22 86 B2 00 00 00 00 B2 0F
17 00 3A 00 91 15 24 00 00 F1 1E 88 B2 00 00 00 00 0F 21 86 B2 00 00 00 00 B3 0F
17 00 3A 00 91 15 24 00 00 DD 1E 88 B2 00 00 00 00 23 21 86 B2 00 00 00 00 B4 0F
17 00 3A 00 91 15 24 00 00 B4 1F 88 B2 00 00 00 00 4C 20 86 B2 00 00 00 00 B5 0F
17 00 3A 00 91 15 24 00 00 03 20 88 B2 00 00 00 00 FD 1F 86 B2 00 00 00 00 B6 0F
17 00 3A 00 91 15 24 00 00 5B 21 88 B2 00 00 00 00 A5 1E 86 B2 00 00 00 00 B7 0F
17 00 3A 00 91 15 24 00 00 7E 21 88 B2 00 00 00 00 82 1E 86 B2 00 00 00 00 B8 0F
17 00 3A 00 91 15 24 00 00 56 23 88 B2 00 00 00 00 AA 1C 86 B2 00 00 00 00 B9 0F
17 00 3A 00 91 15 24 00 00 E1 22 88 B2 00 00 00 00 1F 1D 86 B2 00 00 00 00 BA 0F
17 00 3A 00 91 15 24 00 00 5A 24 88 B2 00 00 00 00 A6 1B 86 B2 00 00 00 00 BB 0F
17 00 3A 00 91 15 24 00 00 6C 24 88 B2 00 00 00 00 94 1B 86 B2 00 00 00 00 BC 0F
17 00 3A 00 91 15 24 00 00 5E 24 88 B2 00 00 00 00 A2 1B 86 B2 00 00 00 00 BD 0F
17 00 3A 00 91 15 24 00 00 D9 25 88 B2 00 00 00 00 27 1A 86 B2 00 00 00 00 BE 0F
17 00 3A 00 91 15 24 00 00 A0 25 88 B2 00 00 00 00 60 1A 86 B2 00 00 00 00 BF 0F
17 00 3A 00 91 15 24 00 00 9D 27 88 B2 00 00 00 00 63 18 86 B2 00 00 00 00 C0 0F
17 00 3A 00 91 15 24 00 00 4B 29 88 B2 00 00 00 00 B5 16 86 B2 00 00 00 00 C1 0F
17 00 3A 00 91 15 24 00 00 CA 29 88 B2 00 00 00 00 36 16 86 B2 00 00 00 00 C2 0F
17 00 3A 00 91 15 24 00 00 65 2C 88 B2 00 00 00 00 9B 13 86 B2 00 00 00 00 C3 0F
17 00 3A 00 91 15 24 00 00 B4 2C 88 B2 00 00 00 00 4C 13 86 B2 00 00 00 00 C4 0F
17 00 3A 00 91 15 24 00 00 5A 2F 88 B2 00 00 00 00 A6 10 86 B2 00 00 00 00 C5 0F
17 00 3A 00 91 15 24 00 00 42 30 88 B2 00 00 00 00 BE 0F 86 B2 00 00 00 00 C6 0F
17 00 3A 00 91 15 24 00 00 25 33 88 B2 00 00 00 00 DB 0C 86 B2 00 00 00 00 C7 0F
17 00 3A 00 91 15 24 00 00 9A 34 88 B2 00 00 00 00 66 0B 86 B2 00 00 00 00 C8 0F
17 00 3A 00 91 15 24 00 00 3A 37 88 B2 00 00 00 00 C6 08 86 B2 00 00 00 00 C9 0F
17 00 3A 00 91 15 24 00 00 B4 39 88 B2 00 00 00 00 4C 06 86 B2 00 00 00 00 CA 0F
17 00 3A 00 91 15 24 00 00 EB 3C 88 B2 00 00 00 00 15 03 86 B2 00 00 00 00 CB 0F
17 00 3A 00 91 15 24 00 00 3F 3F 88 B2 00 00 00 00 C1 00 86 B2 00 00 00 00 CC 0F
17 00 3A 00 91 15 24 00 00 7A 43 88 B2 00 00 00 00 86 FC 85 B2 00 00 00 00 CD 0F
17 00 3A 00 91 15 24 00 00 ED DF 87 B2 00 00 00 00 13 60 86 B2 00 00 00 00 CE 0F
17 00 3A 00 91 15 24 00 00 0E 47 88 B2 00 00 00 00 F2 F8 85 B2 00 00 00 00 CF 0F
17 00 3A 00 91 15 24 00 00 B8 4B 88 B2 00 00 00 00 48 F4 85 B2 00 00 00 00 D0 0F
17 00 3A 00 91 15 24 00 00 3C EA 87 B2 00 00 00 00 C4 55 86 B2 00 00 00 00 D1 0F
17 00 3A 00 91 15 24 00 00 AF EC 87 B2 00 00 00 00 51 53 86 B2 00 00 00 00 D2 0F
17 00 3A 00 91 15 24 00 00 12 F1 87 B2 00 00 00 00 EE 4E 86 B2 00 00 00 00 D3 0F
17 00 3A 00 91 15 24 00 00 92 F3 87 B2 00 00 00 00 6E 4C 86 B2 00 00 00 00 D4 0F
17 00 3A 00 91 15 24 00 00 19 F7 87 B2 00 00 00 00 E7 48 86 B2 00 00 00 00 D5 0F
17 00 3A 00 91 15 24 00 00 6B FA 87 B2 00 00 00 00 95 45 86 B2 00 00 00 00 D6 0F
17 00 3A 00 91 15 24 00 00 AC FE 87 B2 00 00 00 00 54 41 86 B2 00 00 00 00 D7 0F
17 00 3A 00 91 15 24 00 00 31 01 88 B2 00 00 00 00 CF 3E 86 B2 00 00 00 00 D8 0F
17 00 3A 00 91 15 24 00 00 93 05 88 B2 00 00 00 00 6D 3A 86 B2 00 00 00 00 D9 0F
17 00 3A 00 91 15 24 00 00 93 08 88 B2 00 00 00 00 6D 37 86 B2 00 00 00 00 DA 0F
17 00 3A 00 91 15 24 00 00 05 0D 88 B2 00 00 00 00 FB 32 86 B2 00 00 00 00 DB 0F
17 00 3A 00 91 15 24 00 00 F6 0F 88 B2 00 00 00 00 0A 30 86 B2 00 00 00 00 DC 0F
17 00 3A 00 91 15 24 00 00 65 14 88 B2 00 00 00 00 9B 2B 86 B2 00 00 00 00 DD 0F
17 00 3A 00 91 15 24 00 00 33 17 88 B2 00 00 00 00 CD 28 86 B2 00 00 00 00 DE 0F
17 00 3A 00 91 15 24 00 00 DD 1B 88 B2 00 00 00 00 23 24 86 B2 00 00 00 00 DF 0F
17 00 3A 00 91 15 24 00 00 6A 1E 88 B2 00 00 00 00 96 21 86 B2 00 00 00 00 E0 0F
17 00 3A 00 91 15 24 00 00 E9 22 88 B2 00 00 00 00 17 1D 86 B2 00 00 00 00 E1 0F
17 00 3A 00 91 15 24 00 00 8E 25 88 B2 00 00 00 00 72 1A 86 B2 00 00 00 00 E2 0F
17 00 3A 00 91 15 24 00 00 9C 29 88 B2 00 00 00 00 64 16 86 B2 00 00 00 00 E3 0F
17 00 3A 00 91 15 24 00 00 97 2C 88 B2 00 00 00 00 69 13 86 B2 00 00 00 00 E4 0F
17 00 3A 00 91 15 24 00 00 99 30 88 B2 00 00 00 00 67 0F 86 B2 00 00 00 00 E5 0F
17 00 3A 00 91 15 24 00 00 CC 33 88 B2 00 00 00 00 34 0C 86 B2 00 00 00 00 E6 0F
17 00 3A 00 91 15 24 00 00 38 38 88 B2 00 00 00 00 C8 07 86 B2 00 00 00 00 E7 0F
17 00 3A 00 91 15 24 00 00 13 3B 88 B2 00 00 00 00 ED 04 86 B2 00 00 00 00 E8 0F
17 00 3A 00 91 15 24 00 00 4F 40 88 B2 00 00 00 00 B1 FF 85 B2 00 00 00 00 E9 0F
17 00 3A 00 91 15 24 00 00 7F 42 88 B2 00 00 00 00 81 FD 85 B2 00 00 00 00 EA 0F
17 00 3A 00 91 15 24 00 00 65 47 88 B2 00 00 00 00 9B F8 85 B2 00 00 00 00 EB 0F
17 00 3A 00 91 15 24 00 00 C0 49 88 B2 00 00 00 00 40 F6 85 B2 00 00 00 00 EC 0F
17 00 3A 00 91 15 24 00 00 F9 4D 88 B2 00 00 00 00 07 F2 85 B2 00 00 00 00 ED 0F
17 00 3A 00 91 15 24 00 00 7C EB 87 B2 00 00 00 00 84 54 86 B2 00 00 00 00 EE 0F
17 00 3A 00 91 15 24 00 00 44 EE 87 B2 00 00 00 00 BC 51 86 B2 00 00 00 00 EF 0F
17 00 3A 00 91 15 24 00 00 77 F2 87 B2 00 00 00 00 89 4D 86 B2 00 00 00 00 F0 0F
17 00 3A 00 91 15 24 00 00 78 F6 87 B2 00 00 00 00 88 49 86 B2 00 00 00 00 F1 0F
17 00 3A 00 91 15 24 00 00 73 F9 87 B2 00 00 00 00 8D 46 86 B2 00 00 00 00 F2 0F
17 00 3A 00 91 15 24 00 00 B2 FD 87 B2 00 00 00 00 4E 42 86 B2 00 00 00 00 F3 0F
17 00 3A 00 91 15 24 00 00 C8 00 88 B2 00 00 00 00 38 3F 86 B2 00 00 00 00 F4 0F
17 00 3A 00 91 15 24 00 00 E2 04 88 B2 00 00 00 00 1E 3B 86 B2 00 00 00 00 F5 0F
17 00 3A 00 91 15 24 00 00 E7 07 88 B2 00 00 00 00 19 38 86 B2 00 00 00 00 F6 0F
17 00 3A 00 91 15 24 00 00 68 0B 88 B2 00 00 00 00 98 34 86 B2 00 00 00 00 F7 0F
17 00 3A 00 91 15 24 00 00 37 0F 88 B2 00 00 00 00 C9 30 86 B2 00 00 00 00 F8 0F
17 00 3A 00 91 15 24 00 00 92 13 88 B2 00 00 00 00 6E 2C 86 B2 00 00 00 00 F9 0F
17 00 3A 00 91 15 24 00 00 7D 16 88 B2 00 00 00 00 83 29 86 B2 00 00 00 00 FA 0F
17 00 3A 00 91 15 24 00 00 30 1B 88 B2 00 00 00 00 D0 24 86 B2 00 00 00 00 FB 0F
17 00 3A 00 91 15 24 00 00 93 1D 88 B2 00 00 00 00 6D 22 86 B2 00 00 00 00 FC 0F
17 00 3A 00 91 15 24 00 00 A9 21 88 B2 00 00 00 00 57 1E 86 B2 00 00 00 00 FD 0F
17 00 3A 00 91 15 24 00 00 BF 24 88 B2 00 00 00 00 41 1B 86 B2 00 00 00 00 FE 0F
17 00 3A 00 91 15 24 00 00 AB 29 88 B2 00 00 00 00 55 16 86 B2 00 00 00 00 FF 0F
17 00 3A 00 91 15 24 00 00 EE 2B 88 B2 00 00 00 00 12 14 86 B2 00 00 00 00 00 10
17 00 3A 00 91 15 24 00 00 85 2F 88 B2 00 00 00 00 7B 10 86 B2 00 00 00 00 01 10
17 00 3A 00 91 15 24 00 00 A2 32 88 B2 00 00 00 00 5E 0D 86 B2 00 00 00 00 02 10
17 00 3A 00 91 15 24 00 00 5D 36 88 B2 00 00 00 00 A3 09 86 B2 00 00 00 00 03 10
17 00 3A 00 91 15 24 00 00 F7 39 88 B2 00 00 00 00 09 06 86 B2 00 00 00 00 04 10
17 00 3A 00 91 15 24 00 00 C8 3E 88 B2 00 00 00 00 38 01 86 B2 00 00 00 00 05 10
17 00 3A 00 91 15 24 00 00 E5 40 88 B2 00 00 00 00 1B FF 85 B2 00 00 00 00 06 10
17 00 3A 00 91 15 24 00 00 CE 45 88 B2 00 00 00 00 32 FA 85 B2 00 00 00 00 07 10
17 00 3A 00 91 15 24 00 00 55 48 88 B2 00 00 00 00 AB F7 85 B2 00 00 00 00 08 10
17 00 3A 00 91 15 24 00 00 77 4C 88 B2 00 00 00 00 89 F3 85 B2 00 00 00 00 09 10
17 00 3A 00 91 15 24 00 00 25 EA 87 B2 00 00 00 00 DB 55 86 B2 00 00 00 00 0A 10
17 00 3A 00 91 15 24 00 00 E5 EE 87 B2 00 00 00 00 1B 51 86 B2 00 00 00 00 0B 10
17 00 3A 00 91 15 24 00 00 A0 F1 87 B2 00 00 00 00 60 4E 86 B2 00 00 00 00 0C 10
17 00 3A 00 91 15 24 00 00 74 F5 87 B2 00 00 00 00 8C 4A 86 B2 00 00 00 00 0D 10
17 00 3A 00 91 15 24 00 00 F8 F8 87 B2 00 00 00 00 08 47 86 B2 00 00 00 00 0E 10
17 00 3A 00 91 15 24 00 00 41 FE 87 B2 00 00 00 00 BF 41 86 B2 00 00 00 00 0F 10
17 00 3A 00 91 15 24 00 00 A0 00 88 B2 00 00 00 00 60 3F 86 B2 00 00 00 00 10 10
17 00 3A 00 91 15 24 00 00 B6 05 88 B2 00 00 00 00 4A 3A 86 B2 00 00 00 00 11 10
17 00 3A 00 91 15 24 00 00 2F 08 88 B2 00 00 00 00 D1 37 86 B2 00 00 00 00 12 10
17 00 3A 00 91 15 24 00 00 96 0D 88 B2 00 00 00 00 6A 32 86 B2 00 00 00 00 13 10
17 00 3A 00 91 15 24 00 00 27 10 88 B2 00 00 00 00 D9 2F 86 B2 00 00 00 00 14 10
17 00 3A 00 91 15 24 00 00 15 16 88 B2 00 00 00 00 EB 29 86 B2 00 00 00 00 15 10
17 00 3A 00 91 15 24 00 00 A9 19 88 B2 00 00 00 00 57 26 86 B2 00 00 00 00 16 10
17 00 3A 00 91 15 24 00 00 DE 1E 88 B2 00 00 00 00 22 21 86 B2 00 00 00 00 17 10
17 00 3A 00 91 15 24 00 00 7E 24 88 B2 00 00 00 00 82 1B 86 B2 00 00 00 00 18 10
17 00 3A 00 91 15 24 00 00 72 2A 88 B2 00 00 00 00 8E 15 86 B2 00 00 00 00 19 10
17 00 3A 00 91 15 24 00 00 CA 30 88 B2 00 00 00 00 36 0F 86 B2 00 00 00 00 1A 10
17 00 3A 00 91 15 24 00 00 70 38 88 B2 00 00 00 00 90 07 86 B2 00 00 00 00 1B 10
17 00 3A 00 91 15 24 00 00 50 3E 88 B2 00 00 00 00 B0 01 86 B2 00 00 00 00 1C 10
17 00 3A 00 91 15 24 00 00 53 E0 87 B2 00 00 00 00 AD 5F 86 B2 00 00 00 00 1D 10
17 00 3A 00 91 15 24 00 00 31 4D 88 B2 00 00 00 00 CF F2 85 B2 00 00 00 00 1E 10
17 00 3A 00 91 15 24 00 00 F5 EF 87 B2 00 00 00 00 0B 50 86 B2 00 00 00 00 1F 10
17 00 3A 00 91 15 24 00 00 B2 F6 87 B2 00 00 00 00 4E 49 86 B2 00 00 00 00 20 10
17 00 3A 00 91 15 24 00 00 98 FE 87 B2 00 00 00 00 68 41 86 B2 00 00 00 00 21 10
17 00 3A 00 91 15 24 00 00 49 06 88 B2 00 00 00 00 B7 39 86 B2 00 00 00 00 22 10
17 00 3A 00 91 15 24 00 00 B7 0E 88 B2 00 00 00 00 49 31 86 B2 00 00 00 00 23 10
17 00 3A 00 91 15 24 00 00 66 16 88 B2 00 00 00 00 9A 29 86 B2 00 00 00 00 24 10
17 00 3A 00 91 15 24 00 00 B6 1E 88 B2 00 00 00 00 4A 21 86 B2 00 00 00 00 25 10
17 00 3A 00 91 15 24 00 00 9D 26 88 B2 00 00 00 00 63 19 86 B2 00 00 00 00 26 10
17 00 3A 00 91 15 24 00 00 DA 30 88 B2 00 00 00 00 26 0F 86 B2 00 00 00 00 27 10
17 00 3A 00 91 15 24 00 00 42 37 88 B2 00 00 00 00 BE 08 86 B2 00 00 00 00 28 10
17 00 3A 00 91 15 24 00 00 DB 40 88 B2 00 00 00 00 25 FF 85 B2 00 00 00 00 29 10
17 00 3A 00 91 15 24 00 00 F4 47 88 B2 00 00 00 00 0C F8 85 B2 00 00 00 00 2A 10
17 00 3A 00 91 15 24 00 00 4B EB 87 B2 00 00 00 00 B5 54 86 B2 00 00 00 00 2B 10
17 00 3A 00 91 15 24 00 00 14 F3 87 B2 00 00 00 00 EC 4C 86 B2 00 00 00 00 2C 10
17 00 3A 00 91 15 24 00 00 3A FC 87 B2 00 00 00 00 C6 43 86 B2 00 00 00 00 2D 10
17 00 3A 00 91 15 24 00 00 BB 03 88 B2 00 00 00 00 45 3C 86 B2 00 00 00 00 2E 10
17 00 3A 00 91 15 24 00 00 DB 0C 88 B2 00 00 00 00 25 33 86 B2 00 00 00 00 2F 10
17 00 3A 00 91 15 24 00 00 99 14 88 B2 00 00 00 00 67 2B 86 B2 00 00 00 00 30 10
17 00 3A 00 91 15 24 00 00 52 1D 88 B2 00 00 00 00 AE 22 86 B2 00 00 00 00 31 10
17 00 3A 00 91 15 24 00 00 54 25 88 B2 00 00 00 00 AC 1A 86 B2 00 00 00 00 32 10
17 00 3A 00 91 15 24 00 00 5F 2E 88 B2 00 00 00 00 A1 11 86 B2 00 00 00 00 33 10
17 00 3A 00 91 15 24 00 00 4C 36 88 B2 00 00 00 00 B4 09 86 B2 00 00 00 00 34 10
17 00 3A 00 91 15 24 00 00 8A 3F 88 B2 00 00 00 00 76 00 86 B2 00 00 00 00 35 10
17 00 3A 00 91 15 24 00 00 69 47 88 B2 00 00 00 00 97 F8 85 B2 00 00 00 00 36 10
17 00 3A 00 91 15 24 00 00 D5 EB 87 B2 00 00 00 00 2B 54 86 B2 00 00 00 00 37 10
17 00 3A 00 91 15 24 00 00 E9 F2 87 B2 00 00 00 00 17 4D 86 B2 00 00 00 00 38 10
17 00 3A 00 91 15 24 00 00 7E FD 87 B2 00 00 00 00 82 42 86 B2 00 00 00 00 39 10
17 00 3A 00 91 15 24 00 00 30 04 88 B2 00 00 00 00 D0 3B 86 B2 00 00 00 00 3A 10
17 00 3A 00 91 15 24 00 00 F4 0C 88 B2 00 00 00 00 0C 33 86 B2 00 00 00 00 3B 10
17 00 3A 00 91 15 24 00 00 34 15 88 B2 00 00 00 00 CC 2A 86 B2 00 00 00 00 3C 10
17 00 3A 00 91 15 24 00 00 6A 1E 88 B2 00 00 00 00 96 21 86 B2 00 00 00 00 3D 10
17 00 3A 00 91 15 24 00 00 45 26 88 B2 00 00 00 00 BB 19 86 B2 00 00 00 00 3E 10
17 00 3A 00 91 15 24 00 00 F7 2F 88 B2 00 00 00 00 09 10 86 B2 00 00 00 00 3F 10
17 00 3A 00 91 15 24 00 00 2F 37 88 B2 00 00 00 00 D1 08 86 B2 00 00 00 00 40 10
17 00 3A 00 91 15 24 00 00 25 41 88 B2 00 00 00 00 DB FE 85 B2 00 00 00 00 41 10
17 00 3A 00 91 15 24 00 00 5B 48 88 B2 00 00 00 00 A5 F7 85 B2 00 00 00 00 42 10
17 00 3A 00 91 15 24 00 00 3D EC 87 B2 00 00 00 00 C3 53 86 B2 00 00 00 00 43 10
17 00 3A 00 91 15 24 00 00 AA F3 87 B2 00 00 00 00 56 4C 86 B2 00 00 00 00 44 10
17 00 3A 00 91 15 24 00 00 E6 FC 87 B2 00 00 00 00 1A 43 86 B2 00 00 00 00 45 10
17 00 3A 00 91 15 24 00 00 BD 04 88 B2 00 00 00 00 43 3B 86 B2 00 00 00 00 46 10
17 00 3A 00 91 15 24 00 00 D1 0C 88 B2 00 00 00 00 2F 33 86 B2 00 00 00 00 47 10
17 00 3A 00 91 15 24 00 00 00 16 88 B2 00 00 00 00 00 2A 86 B2 00 00 00 00 48 10
17 00 3A 00 91 15 24 00 00 7A 1F 88 B2 00 00 00 00 86 20 86 B2 00 00 00 00 49 10
17 00 3A 00 91 15 24 00 00 15 27 88 B2 00 00 00 00 EB 18 86 B2 00 00 00 00 4A 10
17 00 3A 00 91 15 24 00 00 D6 2F 88 B2 00 00 00 00 2A 10 86 B2 00 00 00 00 4B 10
17 00 3A 00 91 15 24 00 00 4D 38 88 B2 00 00 00 00 B3 07 86 B2 00 00 00 00 4C 10
17 00 3A 00 91 15 24 00 00 87 41 88 B2 00 00 00 00 79 FE 85 B2 00 00 00 00 4D 10
17 00 3A 00 91 15 24 00 00 67 49 88 B2 00 00 00 00 99 F6 85 B2 00 00 00 00 4E 10
17 00 3A 00 91 15 24 00 00 48 EC 87 B2 00 00 00 00 B8 53 86 B2 00 00 00 00 4F 10
17 00 3A 00 91 15 24 00 00 91 F4 87 B2 00 00 00 00 6F 4B 86 B2 00 00 00 00 50 10
17 00 3A 00 91 15 24 00 00 60 FD 87 B2 00 00 00 00 A0 42 86 B2 00 00 00 00 51 10
17 00 3A 00 91 15 24 00 00 55 05 88 B2 00 00 00 00 AB 3A 86 B2 00 00 00 00 52 10
17 00 3A 00 91 15 24 00 00 E1 0C 88 B2 00 00 00 00 1F 33 86 B2 00 00 00 00 53 10
17 00 3A 00 91 15 24 00 00 50 16 88 B2 00 00 00 00 B0 29 86 B2 00 00 00 00 54 10
17 00 3A 00 91 15 24 00 00 C6 1E 88 B2 00 00 00 00 3A 21 86 B2 00 00 00 00 55 10
17 00 3A 00 91 15 24 00 00 08 27 88 B2 00 00 00 00 F8 18 86 B2 00 00 00 00 56 10
17 00 3A 00 91 15 24 00 00 11 30 88 B2 00 00 00 00 EF 0F 86 B2 00 00 00 00 57 10
17 00 3A 00 91 15 24 00 00 24 38 88 B2 00 00 00 00 DC 07 86 B2 00 00 00 00 58 10
17 00 3A 00 91 15 24 00 00 30 41 88 B2 00 00 00 00 D0 FE 85 B2 00 00 00 00 59 10
17 00 3A 00 91 15 24 00 00 7E E3 87 B2 00 00 00 00 82 5C 86 B2 00 00 00 00 5A 10
17 00 3A 00 91 15 24 00 00 A8 EC 87 B2 00 00 00 00 58 53 86 B2 00 00 00 00 5B 10
17 00 3A 00 91 15 24 00 00 7F F4 87 B2 00 00 00 00 81 4B 86 B2 00 00 00 00 5C 10
17 00 3A 00 91 15 24 00 00 4E FD 87 B2 00 00 00 00 B2 42 86 B2 00 00 00 00 5D 10
17 00 3A 00 91 15 24 00 00 72 05 88 B2 00 00 00 00 8E 3A 86 B2 00 00 00 00 5E 10
17 00 3A 00 91 15 24 00 00 69 0F 88 B2 00 00 00 00 97 30 86 B2 00 00 00 00 5F 10
17 00 3A 00 91 15 24 00 00 FC 15 88 B2 00 00 00 00 04 2A 86 B2 00 00 00 00 60 10
17 00 3A 00 91 15 24 00 00 4F 1F 88 B2 00 00 00 00 B1 20 86 B2 00 00 00 00 61 10
17 00 3A 00 91 15 24 00 00 B2 26 88 B2 00 00 00 00 4E 19 86 B2 00 00 00 00 62 10
17 00 3A 00 91 15 24 00 00 DF 2F 88 B2 00 00 00 00 21 10 86 B2 00 00 00 00 63 10
17 00 3A 00 91 15 24 00 00 68 37 88 B2 00 00 00 00 98 08 86 B2 00 00 00 00 64 10
17 00 3A 00 91 15 24 00 00 21 41 88 B2 00 00 00 00 DF FE 85 B2 00 00 00 00 65 10
17 00 3A 00 91 15 24 00 00 7A 48 88 B2 00 00 00 00 86 F7 85 B2 00 00 00 00 66 10
17 00 3A 00 91 15 24 00 00 32 EB 87 B2 00 00 00 00 CE 54 86 B2 00 00 00 00 67 10
17 00 3A 00 91 15 24 00 00 B4 F3 87 B2 00 00 00 00 4C 4C 86 B2 00 00 00 00 68 10
17 00 3A 00 91 15 24 00 00 6B FC 87 B2 00 00 00 00 95 43 86 B2 00 00 00 00 69 10
17 00 3A 00 91 15 24 00 00 78 04 88 B2 00 00 00 00 88 3B 86 B2 00 00 00 00 6A 10
17 00 3A 00 91 15 24 00 00 6B 0D 88 B2 00 00 00 00 95 32 86 B2 00 00 00 00 6B 10
17 00 3A 00 91 15 24 00 00 78 15 88 B2 00 00 00 00 88 2A 86 B2 00 00 00 00 6C 10
17 00 3A 00 91 15 24 00 00 20 1F 88 B2 00 00 00 00 E0 20 86 B2 00 00 00 00 6D 10
17 00 3A 00 91 15 24 00 00 46 26 88 B2 00 00 00 00 BA 19 86 B2 00 00 00 00 6E 10
17 00 3A 00 91 15 24 00 00 6E 2F 88 B2 00 00 00 00 92 10 86 B2 00 00 00 00 6F 10
17 00 3A 00 91 15 24 00 00 0F 37 88 B2 00 00 00 00 F1 08 86 B2 00 00 00 00 70 10
17 00 3A 00 91 15 24 00 00 92 3F 88 B2 00 00 00 00 6E 00 86 B2 00 00 00 00 71 10
17 00 3A 00 91 15 24 00 00 D8 47 88 B2 00 00 00 00 28 F8 85 B2 00 00 00 00 72 10
17 00 3A 00 91 15 24 00 00 B6 EB 87 B2 00 00 00 00 4A 54 86 B2 00 00 00 00 73 10
17 00 3A 00 91 15 24 00 00 03 F3 87 B2 00 00 00 00 FD 4C 86 B2 00 00 00 00 74 10
17 00 3A 00 91 15 24 00 00 94 FC 87 B2 00 00 00 00 6C 43 86 B2 00 00 00 00 75 10
17 00 3A 00 91 15 24 00 00 BD 03 88 B2 00 00 00 00 43 3C 86 B2 00 00 00 00 76 10
17 00 3A 00 91 15 24 00 00 DE 0C 88 B2 00 00 00 00 22 33 86 B2 00 00 00 00 77 10
17 00 3A 00 91 15 24 00 00 A1 14 88 B2 00 00 00 00 5F 2B 86 B2 00 00 00 00 78 10
17 00 3A 00 91 15 24 00 00 72 1D 88 B2 00 00 00 00 8E 22 86 B2 00 00 00 00 79 10
17 00 3A 00 91 15 24 00 00 5A 25 88 B2 00 00 00 00 A6 1A 86 B2 00 00 00 00 7A 10
17 00 3A 00 91 15 24 00 00 11 2F 88 B2 00 00 00 00 EF 10 86 B2 00 00 00 00 7B 10
17 00 3A 00 91 15 24 00 00 1D 36 88 B2 00 00 00 00 E3 09 86 B2 00 00 00 00 7C 10
17 00 3A 00 91 15 24 00 00 6D 3F 88 B2 00 00 00 00 93 00 86 B2 00 00 00 00 7D 10
17 00 3A 00 91 15 24 00 00 D1 46 88 B2 00 00 00 00 2F F9 85 B2 00 00 00 00 7E 10
17 00 3A 00 91 15 24 00 00 2E EA 87 B2 00 00 00 00 D2 55 86 B2 00 00 00 00 7F 10
17 00 3A 00 91 15 24 00 00 0E F2 87 B2 00 00 00 00 F2 4D 86 B2 00 00 00 00 80 10
17 00 3A 00 91 15 24 00 00 6F FB 87 B2 00 00 00 00 91 44 86 B2 00 00 00 00 81 10
17 00 3A 00 91 15 24 00 00 B4 02 88 B2 00 00 00 00 4C 3D 86 B2 00 00 00 00 82 10
17 00 3A 00 91 15 24 00 00 32 0C 88 B2 00 00 00 00 CE 33 86 B2 00 00 00 00 83 10
17 00 3A 00 91 15 24 00 00 18 13 88 B2 00 00 00 00 E8 2C 86 B2 00 00 00 00 84 10
17 00 3A 00 91 15 24 00 00 EE 1B 88 B2 00 00 00 00 12 24 86 B2 00 00 00 00 85 10
17 00 3A 00 91 15 24 00 00 D4 23 88 B2 00 00 00 00 2C 1C 86 B2 00 00 00 00 86 10
17 00 3A 00 91 15 24 00 00 CC 2C 88 B2 00 00 00 00 34 13 86 B2 00 00 00 00 87 10
17 00 3A 00 91 15 24 00 00 63 34 88 B2 00 00 00 00 9D 0B 86 B2 00 00 00 00 88 10
17 00 3A 00 91 15 24 00 00 BD 3D 88 B2 00 00 00 00 43 02 86 B2 00 00 00 00 89 10
17 00 3A 00 91 15 24 00 00 09 45 88 B2 00 00 00 00 F7 FA 85 B2 00 00 00 00 8A 10
17 00 3A 00 91 15 24 00 00 44 4E 88 B2 00 00 00 00 BC F1 85 B2 00 00 00 00 8B 10
17 00 3A 00 91 15 24 00 00 EC EF 87 B2 00 00 00 00 14 50 86 B2 00 00 00 00 8C 10
17 00 3A 00 91 15 24 00 00 3B F8 87 B2 00 00 00 00 C5 47 86 B2 00 00 00 00 8D 10
17 00 3A 00 91 15 24 00 00 43 00 88 B2 00 00 00 00 BD 3F 86 B2 00 00 00 00 8E 10
17 00 3A 00 91 15 24 00 00 EB 06 88 B2 00 00 00 00 15 39 86 B2 00 00 00 00 8F 10
17 00 3A 00 91 15 24 00 00 48 10 88 B2 00 00 00 00 B8 2F 86 B2 00 00 00 00 90 10
17 00 3A 00 91 15 24 00 00 6F 19 88 B2 00 00 00 00 91 26 86 B2 00 00 00 00 91 10
17 00 3A 00 91 15 24 00 00 81 20 88 B2 00 00 00 00 7F 1F 86 B2 00 00 00 00 92 10
17 00 3A 00 91 15 24 00 00 32 28 88 B2 00 00 00 00 CE 17 86 B2 00 00 00 00 93 10
17 00 3A 00 91 15 24 00 00 86 30 88 B2 00 00 00 00 7A 0F 86 B2 00 00 00 00 94 10
17 00 3A 00 91 15 24 00 00 65 38 88 B2 00 00 00 00 9B 07 86 B2 00 00 00 00 95 10
17 00 3A 00 91 15 24 00 00 77 40 88 B2 00 00 00 00 89 FF 85 B2 00 00 00 00 96 10
17 00 3A 00 91 15 24 00 00 74 48 88 B2 00 00 00 00 8C F7 85 B2 00 00 00 00 97 10
17 00 3A 00 91 15 24 00 00 33 EB 87 B2 00 00 00 00 CD 54 86 B2 00 00 00 00 98 10
17 00 3A 00 91 15 24 00 00 AE F3 87 B2 00 00 00 00 52 4C 86 B2 00 00 00 00 99 10
17 00 3A 00 91 15 24 00 00 81 FB 87 B2 00 00 00 00 7F 44 86 B2 00 00 00 00 9A 10
17 00 3A 00 91 15 24 00 00 26 02 88 B2 00 00 00 00 DA 3D 86 B2 00 00 00 00 9B 10
17 00 3A 00 91 15 24 00 00 95 0B 88 B2 00 00 00 00 6B 34 86 B2 00 00 00 00 9C 10
17 00 3A 00 91 15 24 00 00 FE 13 88 B2 00 00 00 00 02 2C 86 B2 00 00 00 00 9D 10
17 00 3A 00 91 15 24 00 00 98 1B 88 B2 00 00 00 00 68 24 86 B2 00 00 00 00 9E 10
17 00 3A 00 91 15 24 00 00 D1 22 88 B2 00 00 00 00 2F 1D 86 B2 00 00 00 00 9F 10
17 00 3A 00 91 15 24 00 00 C8 2B 88 B2 00 00 00 00 38 14 86 B2 00 00 00 00 A0 10
17 00 3A 00 91 15 24 00 00 5E 34 88 B2 00 00 00 00 A2 0B 86 B2 00 00 00 00 A1 10
17 00 3A 00 91 15 24 00 00 AA 3B 88 B2 00 00 00 00 56 04 86 B2 00 00 00 00 A2 10
17 00 3A 00 91 15 24 00 00 A7 43 88 B2 00 00 00 00 59 FC 85 B2 00 00 00 00 A3 10
17 00 3A 00 91 15 24 00 00 AD 4B 88 B2 00 00 00 00 53 F4 85 B2 00 00 00 00 A4 10
17 00 3A 00 91 15 24 00 00 A5 EE 87 B2 00 00 00 00 5B 51 86 B2 00 00 00 00 A5 10
17 00 3A 00 91 15 24 00 00 34 F6 87 B2 00 00 00 00 CC 49 86 B2 00 00 00 00 A6 10
17 00 3A 00 91 15 24 00 00 2C FE 87 B2 00 00 00 00 D4 41 86 B2 00 00 00 00 A7 10
17 00 3A 00 91 15 24 00 00 42 06 88 B2 00 00 00 00 BE 39 86 B2 00 00 00 00 A8 10
17 00 3A 00 91 15 24 00 00 2F 0F 88 B2 00 00 00 00 D1 30 86 B2 00 00 00 00 A9 10
17 00 3A 00 91 15 24 00 00 26 16 88 B2 00 00 00 00 DA 29 86 B2 00 00 00 00 AA 10
17 00 3A 00 91 15 24 00 00 B6 1D 88 B2 00 00 00 00 4A 22 86 B2 00 00 00 00 AB 10
17 00 3A 00 91 15 24 00 00 19 26 88 B2 00 00 00 00 E7 19 86 B2 00 00 00 00 AC 10
17 00 3A 00 91 15 24 00 00 09 2D 88 B2 00 00 00 00 F7 12 86 B2 00 00 00 00 AD 10
17 00 3A 00 91 15 24 00 00 4A 36 88 B2 00 00 00 00 B6 09 86 B2 00 00 00 00 AE 10
17 00 3A 00 91 15 24 00 00 29 3F 88 B2 00 00 00 00 D7 00 86 B2 00 00 00 00 AF 10
17 00 3A 00 91 15 24 00 00 EF 46 88 B2 00 00 00 00 11 F9 85 B2 00 00 00 00 B0 10
17 00 3A 00 91 15 24 00 00 7F EA 87 B2 00 00 00 00 81 55 86 B2 00 00 00 00 B1 10
17 00 3A 00 91 15 24 00 00 E1 F2 87 B2 00 00 00 00 1F 4D 86 B2 00 00 00 00 B2 10
17 00 3A 00 91 15 24 00 00 CE FB 87 B2 00 00 00 00 32 44 86 B2 00 00 00 00 B3 10
17 00 3A 00 91 15 24 00 00 60 05 88 B2 00 00 00 00 A0 3A 86 B2 00 00 00 00 B4 10
17 00 3A 00 91 15 24 00 00 81 0F 88 B2 00 00 00 00 7F 30 86 B2 00 00 00 00 B5 10
17 00 3A 00 91 15 24 00 00 FA 18 88 B2 00 00 00 00 06 27 86 B2 00 00 00 00 B6 10
17 00 3A 00 91 15 24 00 00 2E 23 88 B2 00 00 00 00 D2 1C 86 B2 00 00 00 00 B7 10
17 00 3A 00 91 15 24 00 00 67 2D 88 B2 00 00 00 00 99 12 86 B2 00 00 00 00 B8 10
17 00 3A 00 91 15 24 00 00 88 37 88 B2 00 00 00 00 78 08 86 B2 00 00 00 00 B9 10
17 00 3A 00 91 15 24 00 00 26 42 88 B2 00 00 00 00 DA FD 85 B2 00 00 00 00 BA 10
17 00 3A 00 91 15 24 00 00 24 4C 88 B2 00 00 00 00 DC F3 85 B2 00 00 00 00 BB 10
17 00 3A 00 91 15 24 00 00 E5 F1 87 B2 00 00 00 00 1B 4E 86 B2 00 00 00 00 BC 10
17 00 3A 00 91 15 24 00 00 5D FC 87 B2 00 00 00 00 A3 43 86 B2 00 00 00 00 BD 10
17 00 3A 00 91 15 24 00 00 7C 07 88 B2 00 00 00 00 84 38 86 B2 00 00 00 00 BE 10
17 00 3A 00 91 15 24 00 00 59 12 88 B2 00 00 00 00 A7 2D 86 B2 00 00 00 00 BF 10
17 00 3A 00 91 15 24 00 00 3F 1D 88 B2 00 00 00 00 C1 22 86 B2 00 00 00 00 C0 10
17 00 3A 00 91 15 24 00 00 5D 27 88 B2 00 00 00 00 A3 18 86 B2 00 00 00 00 C1 10
